1 5 0 geq
1 5 1 29
1 5 2 at
1 5 3 4
1 6 0 gt
1 6 1 57
1 6 2 at
1 2 0 geq
1 2 1 60
1 2 2 at
1 2 3 10
1 7 0 gt
1 7 1 17
1 7 2 before
1 7 3 11
1 4 0 eq
1 4 1 120
1 4 2 within
1 4 3 5
1 4 4 6
1 1 0 geq
1 1 1 45
1 1 2 within
1 1 3 4
1 1 4 5
2 6 0 geq
2 6 1 65
2 6 2 after
2 3 0 geq
2 3 1 60
2 3 2 within
2 3 3 3
2 3 4 7
2 1 0 geq
2 1 1 45
2 1 2 at
2 1 3 10
2 7 0 gt
2 7 1 24
2 7 2 within
2 7 3 9
2 7 4 8
2 8 0 gt
2 8 1 73
2 8 2 before
2 8 3 11
2 4 0 eq
2 4 1 150
2 4 2 before
2 4 3 4
3 7 0 geq
3 7 1 21
3 7 2 within
3 7 3 4
3 7 4 6
3 6 0 gt
3 6 1 58
3 6 2 after
3 3 0 geq
3 3 1 60
3 3 2 within
3 3 3 3
3 3 4 9
3 4 0 eq
3 4 1 60
3 4 2 after
3 4 3 8
3 2 0 geq
3 2 1 60
3 2 2 after
3 2 3 2
3 8 0 geq
3 8 1 71
3 8 2 at
3 8 3 4
4 1 0 geq
4 1 1 60
4 1 2 before
4 1 3 3
4 8 0 gt
4 8 1 72
4 8 2 before
4 8 3 6
4 4 0 eq
4 4 1 75
4 4 2 at
4 4 3 3
4 2 0 geq
4 2 1 45
4 2 2 after
4 2 3 6
4 6 0 gt
4 6 1 61
4 6 2 after
4 5 0 gt
4 5 1 29
4 5 2 before
4 5 3 10
5 2 0 geq
5 2 1 45
5 2 2 before
5 2 3 8
5 6 0 gt
5 6 1 61
5 6 2 at
5 4 0 eq
5 4 1 75
5 4 2 within
5 4 3 9
5 4 4 5
5 7 0 geq
5 7 1 24
5 7 2 after
5 7 3 3
5 1 0 geq
5 1 1 60
5 1 2 after
5 1 3 6
5 8 0 geq
5 8 1 72
5 8 2 before
5 8 3 11
6 8 0 gt
6 8 1 67
6 8 2 after
6 8 3 5
6 2 0 geq
6 2 1 45
6 2 2 at
6 2 3 9
6 6 0 geq
6 6 1 55
6 6 2 at
6 7 0 gt
6 7 1 17
6 7 2 within
6 7 3 8
6 7 4 7
6 1 0 geq
6 1 1 45
6 1 2 at
6 1 3 3
6 3 0 geq
6 3 1 60
6 3 2 before
6 3 3 6
7 6 0 geq
7 6 1 52
7 6 2 at
7 5 0 gt
7 5 1 16
7 5 2 within
7 5 3 5
7 5 4 3
7 1 0 geq
7 1 1 45
7 1 2 at
7 1 3 8
7 4 0 eq
7 4 1 150
7 4 2 within
7 4 3 11
7 4 4 8
7 7 0 gt
7 7 1 17
7 7 2 within
7 7 3 10
7 7 4 9
7 3 0 geq
7 3 1 60
7 3 2 within
7 3 3 6
7 3 4 4
8 3 0 geq
8 3 1 45
8 3 2 within
8 3 3 7
8 3 4 9
8 7 0 geq
8 7 1 20
8 7 2 at
8 7 3 8
8 2 0 geq
8 2 1 60
8 2 2 at
8 2 3 4
8 5 0 gt
8 5 1 36
8 5 2 after
8 5 3 5
8 1 0 geq
8 1 1 45
8 1 2 after
8 1 3 4
8 4 0 eq
8 4 1 120
8 4 2 after
8 4 3 4
9 6 0 geq
9 6 1 58
9 6 2 after
9 7 0 gt
9 7 1 20
9 7 2 within
9 7 3 6
9 7 4 9
9 8 0 geq
9 8 1 78
9 8 2 within
9 8 3 9
9 8 4 5
9 2 0 geq
9 2 1 60
9 2 2 before
9 2 3 5
9 4 0 eq
9 4 1 120
9 4 2 within
9 4 3 4
9 4 4 5
9 5 0 gt
9 5 1 17
9 5 2 at
9 5 3 3
10 7 0 gt
10 7 1 23
10 7 2 at
10 7 3 11
10 6 0 gt
10 6 1 62
10 6 2 at
10 2 0 geq
10 2 1 60
10 2 2 within
10 2 3 5
10 2 4 8
10 4 0 eq
10 4 1 150
10 4 2 after
10 4 3 6
10 1 0 geq
10 1 1 45
10 1 2 after
10 1 3 3
10 8 0 gt
10 8 1 57
10 8 2 at
10 8 3 5
11 2 0 geq
11 2 1 45
11 2 2 before
11 2 3 11
11 7 0 geq
11 7 1 22
11 7 2 within
11 7 3 5
11 7 4 10
11 4 0 eq
11 4 1 120
11 4 2 after
11 4 3 2
11 5 0 geq
11 5 1 29
11 5 2 before
11 5 3 9
11 8 0 gt
11 8 1 60
11 8 2 at
11 8 3 9
11 1 0 geq
11 1 1 45
11 1 2 before
11 1 3 3
12 3 0 geq
12 3 1 60
12 3 2 before
12 3 3 11
12 6 0 gt
12 6 1 64
12 6 2 at
12 2 0 geq
12 2 1 60
12 2 2 at
12 2 3 6
12 8 0 geq
12 8 1 69
12 8 2 within
12 8 3 5
12 8 4 11
12 5 0 geq
12 5 1 27
12 5 2 at
12 5 3 10
12 7 0 geq
12 7 1 17
12 7 2 within
12 7 3 8
12 7 4 10
13 5 0 geq
13 5 1 22
13 5 2 at
13 5 3 6
13 6 0 geq
13 6 1 60
13 6 2 before
13 1 0 geq
13 1 1 45
13 1 2 after
13 1 3 6
13 7 0 gt
13 7 1 23
13 7 2 within
13 7 3 8
13 7 4 3
13 2 0 geq
13 2 1 60
13 2 2 before
13 2 3 8
13 3 0 geq
13 3 1 45
13 3 2 within
13 3 3 8
13 3 4 7
14 1 0 geq
14 1 1 60
14 1 2 within
14 1 3 11
14 1 4 6
14 6 0 gt
14 6 1 58
14 6 2 before
14 2 0 geq
14 2 1 60
14 2 2 after
14 2 3 1
14 7 0 geq
14 7 1 22
14 7 2 within
14 7 3 11
14 7 4 10
14 3 0 geq
14 3 1 60
14 3 2 after
14 3 3 1
14 4 0 eq
14 4 1 150
14 4 2 within
14 4 3 6
14 4 4 8
15 5 0 gt
15 5 1 25
15 5 2 after
15 5 3 4
15 6 0 gt
15 6 1 52
15 6 2 at
15 8 0 gt
15 8 1 56
15 8 2 within
15 8 3 10
15 8 4 6
15 4 0 eq
15 4 1 120
15 4 2 before
15 4 3 10
15 1 0 geq
15 1 1 60
15 1 2 after
15 1 3 4
15 2 0 geq
15 2 1 45
15 2 2 within
15 2 3 4
15 2 4 5
16 7 0 gt
16 7 1 18
16 7 2 within
16 7 3 11
16 7 4 8
16 2 0 geq
16 2 1 45
16 2 2 at
16 2 3 6
16 8 0 geq
16 8 1 62
16 8 2 within
16 8 3 9
16 8 4 8
16 1 0 geq
16 1 1 60
16 1 2 before
16 1 3 7
16 5 0 gt
16 5 1 15
16 5 2 within
16 5 3 7
16 5 4 4
16 4 0 eq
16 4 1 120
16 4 2 after
16 4 3 2
17 6 0 geq
17 6 1 54
17 6 2 after
17 4 0 eq
17 4 1 150
17 4 2 after
17 4 3 3
17 7 0 geq
17 7 1 23
17 7 2 within
17 7 3 6
17 7 4 7
17 1 0 geq
17 1 1 45
17 1 2 before
17 1 3 11
17 2 0 geq
17 2 1 45
17 2 2 at
17 2 3 3
17 3 0 geq
17 3 1 45
17 3 2 after
17 3 3 3
18 5 0 gt
18 5 1 24
18 5 2 before
18 5 3 11
18 7 0 gt
18 7 1 18
18 7 2 at
18 7 3 7
18 4 0 eq
18 4 1 120
18 4 2 before
18 4 3 9
18 6 0 gt
18 6 1 56
18 6 2 after
18 3 0 geq
18 3 1 60
18 3 2 before
18 3 3 10
18 2 0 geq
18 2 1 45
18 2 2 before
18 2 3 5
19 4 0 eq
19 4 1 120
19 4 2 after
19 4 3 5
19 7 0 gt
19 7 1 24
19 7 2 before
19 7 3 3
19 3 0 geq
19 3 1 45
19 3 2 at
19 3 3 8
19 1 0 geq
19 1 1 45
19 1 2 within
19 1 3 6
19 1 4 7
19 6 0 gt
19 6 1 53
19 6 2 after
19 8 0 geq
19 8 1 63
19 8 2 within
19 8 3 11
19 8 4 8
20 1 0 geq
20 1 1 45
20 1 2 before
20 1 3 9
20 4 0 eq
20 4 1 75
20 4 2 after
20 4 3 4
20 6 0 geq
20 6 1 54
20 6 2 before
20 2 0 geq
20 2 1 45
20 2 2 within
20 2 3 7
20 2 4 9
20 8 0 geq
20 8 1 65
20 8 2 at
20 8 3 10
20 3 0 geq
20 3 1 60
20 3 2 after
20 3 3 2
21 3 0 geq
21 3 1 45
21 3 2 at
21 3 3 5
21 5 0 gt
21 5 1 22
21 5 2 after
21 5 3 7
21 2 0 geq
21 2 1 45
21 2 2 after
21 2 3 8
21 1 0 geq
21 1 1 60
21 1 2 at
21 1 3 9
21 8 0 gt
21 8 1 67
21 8 2 before
21 8 3 6
21 7 0 geq
21 7 1 21
21 7 2 at
21 7 3 4
22 1 0 geq
22 1 1 45
22 1 2 at
22 1 3 3
22 6 0 geq
22 6 1 54
22 6 2 before
22 7 0 gt
22 7 1 24
22 7 2 before
22 7 3 4
22 4 0 eq
22 4 1 150
22 4 2 at
22 4 3 10
22 2 0 geq
22 2 1 45
22 2 2 after
22 2 3 5
22 3 0 geq
22 3 1 45
22 3 2 at
22 3 3 8
23 3 0 geq
23 3 1 60
23 3 2 within
23 3 3 7
23 3 4 11
23 5 0 geq
23 5 1 20
23 5 2 after
23 5 3 6
23 2 0 geq
23 2 1 60
23 2 2 after
23 2 3 6
23 8 0 gt
23 8 1 64
23 8 2 at
23 8 3 11
23 7 0 gt
23 7 1 19
23 7 2 at
23 7 3 5
23 4 0 eq
23 4 1 150
23 4 2 after
23 4 3 5
24 3 0 geq
24 3 1 60
24 3 2 within
24 3 3 7
24 3 4 3
24 4 0 eq
24 4 1 75
24 4 2 within
24 4 3 7
24 4 4 6
24 6 0 geq
24 6 1 60
24 6 2 before
24 7 0 geq
24 7 1 20
24 7 2 at
24 7 3 4
24 2 0 geq
24 2 1 60
24 2 2 before
24 2 3 4
24 8 0 gt
24 8 1 65
24 8 2 after
24 8 3 5
25 1 0 geq
25 1 1 45
25 1 2 at
25 1 3 4
25 7 0 geq
25 7 1 21
25 7 2 before
25 7 3 11
25 4 0 eq
25 4 1 60
25 4 2 within
25 4 3 4
25 4 4 6
25 3 0 geq
25 3 1 60
25 3 2 within
25 3 3 6
25 3 4 9
25 2 0 geq
25 2 1 45
25 2 2 before
25 2 3 10
25 5 0 geq
25 5 1 20
25 5 2 within
25 5 3 9
25 5 4 3
26 1 0 geq
26 1 1 60
26 1 2 at
26 1 3 4
26 8 0 geq
26 8 1 57
26 8 2 within
26 8 3 10
26 8 4 11
26 7 0 gt
26 7 1 24
26 7 2 after
26 7 3 3
26 3 0 geq
26 3 1 60
26 3 2 after
26 3 3 7
26 4 0 eq
26 4 1 60
26 4 2 before
26 4 3 10
26 5 0 geq
26 5 1 29
26 5 2 within
26 5 3 7
26 5 4 8
27 7 0 gt
27 7 1 23
27 7 2 within
27 7 3 6
27 7 4 5
27 5 0 gt
27 5 1 34
27 5 2 at
27 5 3 5
27 1 0 geq
27 1 1 45
27 1 2 within
27 1 3 3
27 1 4 9
27 6 0 geq
27 6 1 56
27 6 2 before
27 2 0 geq
27 2 1 60
27 2 2 within
27 2 3 11
27 2 4 5
27 3 0 geq
27 3 1 45
27 3 2 after
27 3 3 2
28 8 0 geq
28 8 1 62
28 8 2 at
28 8 3 9
28 1 0 geq
28 1 1 60
28 1 2 after
28 1 3 2
28 6 0 gt
28 6 1 55
28 6 2 before
28 5 0 gt
28 5 1 32
28 5 2 before
28 5 3 11
28 2 0 geq
28 2 1 60
28 2 2 after
28 2 3 6
28 3 0 geq
28 3 1 60
28 3 2 within
28 3 3 7
28 3 4 5
29 4 0 eq
29 4 1 120
29 4 2 before
29 4 3 4
29 6 0 gt
29 6 1 60
29 6 2 after
29 1 0 geq
29 1 1 60
29 1 2 after
29 1 3 8
29 2 0 geq
29 2 1 45
29 2 2 before
29 2 3 11
29 7 0 geq
29 7 1 19
29 7 2 after
29 7 3 1
29 3 0 geq
29 3 1 45
29 3 2 within
29 3 3 10
29 3 4 5
30 4 0 eq
30 4 1 120
30 4 2 within
30 4 3 5
30 4 4 10
30 2 0 geq
30 2 1 60
30 2 2 at
30 2 3 5
30 6 0 geq
30 6 1 55
30 6 2 after
30 1 0 geq
30 1 1 45
30 1 2 at
30 1 3 11
30 5 0 geq
30 5 1 18
30 5 2 before
30 5 3 11
30 3 0 geq
30 3 1 45
30 3 2 after
30 3 3 5
31 5 0 gt
31 5 1 27
31 5 2 before
31 5 3 10
31 3 0 geq
31 3 1 45
31 3 2 before
31 3 3 10
31 1 0 geq
31 1 1 60
31 1 2 at
31 1 3 4
31 4 0 eq
31 4 1 120
31 4 2 at
31 4 3 6
31 6 0 gt
31 6 1 63
31 6 2 at
31 8 0 gt
31 8 1 52
31 8 2 at
31 8 3 9
32 1 0 geq
32 1 1 45
32 1 2 at
32 1 3 11
32 3 0 geq
32 3 1 60
32 3 2 within
32 3 3 3
32 3 4 10
32 5 0 gt
32 5 1 17
32 5 2 within
32 5 3 3
32 5 4 9
32 4 0 eq
32 4 1 150
32 4 2 within
32 4 3 6
32 4 4 5
32 6 0 gt
32 6 1 50
32 6 2 at
32 2 0 geq
32 2 1 60
32 2 2 before
32 2 3 9
33 3 0 geq
33 3 1 60
33 3 2 within
33 3 3 8
33 3 4 3
33 5 0 geq
33 5 1 36
33 5 2 before
33 5 3 10
33 6 0 geq
33 6 1 55
33 6 2 before
33 1 0 geq
33 1 1 45
33 1 2 after
33 1 3 8
33 7 0 gt
33 7 1 22
33 7 2 within
33 7 3 6
33 7 4 5
33 4 0 eq
33 4 1 60
33 4 2 before
33 4 3 7
34 8 0 gt
34 8 1 60
34 8 2 within
34 8 3 8
34 8 4 11
34 6 0 gt
34 6 1 56
34 6 2 after
34 7 0 gt
34 7 1 24
34 7 2 after
34 7 3 3
34 3 0 geq
34 3 1 60
34 3 2 at
34 3 3 11
34 1 0 geq
34 1 1 60
34 1 2 before
34 1 3 3
34 5 0 geq
34 5 1 22
34 5 2 before
34 5 3 8
35 5 0 gt
35 5 1 35
35 5 2 before
35 5 3 5
35 2 0 geq
35 2 1 60
35 2 2 after
35 2 3 6
35 7 0 gt
35 7 1 22
35 7 2 after
35 7 3 4
35 1 0 geq
35 1 1 60
35 1 2 at
35 1 3 7
35 3 0 geq
35 3 1 60
35 3 2 at
35 3 3 11
35 6 0 gt
35 6 1 60
35 6 2 at
36 3 0 geq
36 3 1 45
36 3 2 within
36 3 3 8
36 3 4 6
36 5 0 gt
36 5 1 16
36 5 2 at
36 5 3 11
36 6 0 gt
36 6 1 51
36 6 2 after
36 4 0 eq
36 4 1 120
36 4 2 before
36 4 3 7
36 6 0 geq
36 6 1 58
36 6 2 at
36 4 0 eq
36 4 1 150
36 4 2 within
36 4 3 11
36 4 4 10
36 3 0 geq
36 3 1 45
36 3 2 at
36 3 3 7
36 5 0 geq
36 5 1 39
36 5 2 before
36 5 3 6
36 5 0 gt
36 5 1 18
36 5 2 after
36 5 3 7
36 4 0 eq
36 4 1 60
36 4 2 before
36 4 3 4
36 6 0 gt
36 6 1 61
36 6 2 at
36 3 0 geq
36 3 1 45
36 3 2 within
36 3 3 9
36 3 4 7
36 5 0 gt
36 5 1 29
36 5 2 at
36 5 3 9
36 4 0 eq
36 4 1 150
36 4 2 within
36 4 3 4
36 4 4 5
36 3 0 geq
36 3 1 60
36 3 2 before
36 3 3 9
36 6 0 geq
36 6 1 58
36 6 2 after
36 3 0 geq
36 3 1 60
36 3 2 after
36 3 3 4
36 4 0 eq
36 4 1 150
36 4 2 after
36 4 3 1
36 5 0 gt
36 5 1 36
36 5 2 within
36 5 3 6
36 5 4 9
36 6 0 gt
36 6 1 55
36 6 2 at
36 3 0 geq
36 3 1 45
36 3 2 at
36 3 3 8
36 5 0 geq
36 5 1 22
36 5 2 after
36 5 3 5
36 6 0 gt
36 6 1 55
36 6 2 after
36 4 0 eq
36 4 1 75
36 4 2 at
36 4 3 9
36 5 0 geq
36 5 1 33
36 5 2 before
36 5 3 8
36 6 0 geq
36 6 1 58
36 6 2 after
36 4 0 eq
36 4 1 60
36 4 2 within
36 4 3 7
36 4 4 9
36 3 0 geq
36 3 1 45
36 3 2 at
36 3 3 3
36 5 0 gt
36 5 1 24
36 5 2 at
36 5 3 5
36 3 0 geq
36 3 1 60
36 3 2 before
36 3 3 4
36 4 0 eq
36 4 1 120
36 4 2 after
36 4 3 7
36 6 0 geq
36 6 1 58
36 6 2 at
36 5 0 geq
36 5 1 26
36 5 2 within
36 5 3 7
36 5 4 4
36 6 0 geq
36 6 1 64
36 6 2 at
36 3 0 geq
36 3 1 45
36 3 2 at
36 3 3 5
36 4 0 eq
36 4 1 120
36 4 2 before
36 4 3 9
36 3 0 geq
36 3 1 45
36 3 2 within
36 3 3 4
36 3 4 5
36 4 0 eq
36 4 1 150
36 4 2 before
36 4 3 10
36 6 0 gt
36 6 1 59
36 6 2 at
36 5 0 gt
36 5 1 33
36 5 2 after
36 5 3 1
36 3 0 geq
36 3 1 45
36 3 2 at
36 3 3 7
36 4 0 eq
36 4 1 150
36 4 2 at
36 4 3 9
36 6 0 geq
36 6 1 63
36 6 2 at
36 5 0 geq
36 5 1 15
36 5 2 within
36 5 3 10
36 5 4 8
36 4 0 eq
36 4 1 60
36 4 2 at
36 4 3 6
36 6 0 geq
36 6 1 59
36 6 2 at
36 3 0 geq
36 3 1 60
36 3 2 within
36 3 3 4
36 3 4 8
36 5 0 geq
36 5 1 39
36 5 2 before
36 5 3 5
36 4 0 eq
36 4 1 150
36 4 2 within
36 4 3 10
36 4 4 9
36 6 0 gt
36 6 1 54
36 6 2 before
36 5 0 gt
36 5 1 21
36 5 2 after
36 5 3 1
36 3 0 geq
36 3 1 60
36 3 2 within
36 3 3 7
36 3 4 11
36 5 0 geq
36 5 1 38
36 5 2 within
36 5 3 5
36 5 4 4
36 4 0 eq
36 4 1 75
36 4 2 at
36 4 3 6
36 3 0 geq
36 3 1 45
36 3 2 after
36 3 3 2
36 6 0 geq
36 6 1 51
36 6 2 after
36 3 0 geq
36 3 1 60
36 3 2 within
36 3 3 11
36 3 4 9
36 5 0 gt
36 5 1 21
36 5 2 within
36 5 3 5
36 5 4 3
36 4 0 eq
36 4 1 120
36 4 2 after
36 4 3 4
36 6 0 gt
36 6 1 64
36 6 2 at
36 4 0 eq
36 4 1 150
36 4 2 after
36 4 3 5
36 6 0 geq
36 6 1 53
36 6 2 after
36 5 0 geq
36 5 1 23
36 5 2 before
36 5 3 7
36 3 0 geq
36 3 1 45
36 3 2 at
36 3 3 11
36 5 0 geq
36 5 1 23
36 5 2 within
36 5 3 3
36 5 4 6
36 4 0 eq
36 4 1 120
36 4 2 within
36 4 3 9
36 4 4 10
36 3 0 geq
36 3 1 60
36 3 2 within
36 3 3 3
36 3 4 4
36 6 0 gt
36 6 1 64
36 6 2 before
36 4 0 eq
36 4 1 60
36 4 2 after
36 4 3 3
36 3 0 geq
36 3 1 60
36 3 2 after
36 3 3 2
36 6 0 geq
36 6 1 52
36 6 2 after
36 5 0 gt
36 5 1 34
36 5 2 within
36 5 3 11
36 5 4 7
36 5 0 geq
36 5 1 18
36 5 2 before
36 5 3 2
36 6 0 geq
36 6 1 59
36 6 2 at
36 3 0 geq
36 3 1 60
36 3 2 before
36 3 3 3
36 4 0 eq
36 4 1 75
36 4 2 within
36 4 3 8
36 4 4 9
36 5 0 geq
36 5 1 34
36 5 2 before
36 5 3 7
36 4 0 eq
36 4 1 60
36 4 2 at
36 4 3 11
36 6 0 gt
36 6 1 63
36 6 2 at
36 3 0 geq
36 3 1 60
36 3 2 before
36 3 3 11
36 5 0 gt
36 5 1 32
36 5 2 within
36 5 3 4
36 5 4 7
36 3 0 geq
36 3 1 60
36 3 2 before
36 3 3 7
36 6 0 geq
36 6 1 64
36 6 2 before
36 4 0 eq
36 4 1 120
36 4 2 after
36 4 3 6
36 3 0 geq
36 3 1 45
36 3 2 before
36 3 3 6
36 6 0 gt
36 6 1 55
36 6 2 at
36 5 0 gt
36 5 1 40
36 5 2 within
36 5 3 5
36 5 4 8
36 4 0 eq
36 4 1 75
36 4 2 after
36 4 3 5
36 3 0 geq
36 3 1 45
36 3 2 before
36 3 3 6
36 4 0 eq
36 4 1 150
36 4 2 within
36 4 3 11
36 4 4 6
36 5 0 gt
36 5 1 35
36 5 2 after
36 5 3 6
36 6 0 geq
36 6 1 62
36 6 2 at
36 3 0 geq
36 3 1 45
36 3 2 within
36 3 3 4
36 3 4 5
36 5 0 gt
36 5 1 20
36 5 2 after
36 5 3 1
36 4 0 eq
36 4 1 120
36 4 2 before
36 4 3 8
36 6 0 gt
36 6 1 52
36 6 2 at
36 5 0 gt
36 5 1 20
36 5 2 after
36 5 3 6
36 3 0 geq
36 3 1 45
36 3 2 at
36 3 3 8
36 4 0 eq
36 4 1 75
36 4 2 at
36 4 3 6
36 6 0 geq
36 6 1 62
36 6 2 at
36 5 0 gt
36 5 1 36
36 5 2 after
36 5 3 6
36 3 0 geq
36 3 1 45
36 3 2 at
36 3 3 4
36 4 0 eq
36 4 1 150
36 4 2 before
36 4 3 4
36 6 0 gt
36 6 1 58
36 6 2 before
36 5 0 geq
36 5 1 15
36 5 2 within
36 5 3 5
36 5 4 11
36 3 0 geq
36 3 1 45
36 3 2 within
36 3 3 8
36 3 4 9
36 6 0 gt
36 6 1 61
36 6 2 after
36 4 0 eq
36 4 1 75
36 4 2 at
36 4 3 10
36 5 0 gt
36 5 1 17
36 5 2 at
36 5 3 8
36 3 0 geq
36 3 1 45
36 3 2 before
36 3 3 9
36 6 0 gt
36 6 1 65
36 6 2 after
36 4 0 eq
36 4 1 120
36 4 2 within
36 4 3 10
36 4 4 6
36 6 0 geq
36 6 1 61
36 6 2 after
36 5 0 geq
36 5 1 24
36 5 2 at
36 5 3 3
36 4 0 eq
36 4 1 150
36 4 2 within
36 4 3 5
36 4 4 10
36 3 0 geq
36 3 1 60
36 3 2 before
36 3 3 5
36 4 0 eq
36 4 1 75
36 4 2 before
36 4 3 6
36 6 0 geq
36 6 1 62
36 6 2 at
36 3 0 geq
36 3 1 60
36 3 2 within
36 3 3 11
36 3 4 8
36 5 0 gt
36 5 1 33
36 5 2 at
36 5 3 7
36 3 0 geq
36 3 1 60
36 3 2 after
36 3 3 9
36 4 0 eq
36 4 1 120
36 4 2 within
36 4 3 6
36 4 4 5
36 5 0 gt
36 5 1 26
36 5 2 within
36 5 3 10
36 5 4 4
36 6 0 gt
36 6 1 58
36 6 2 before
36 6 0 geq
36 6 1 50
36 6 2 at
36 3 0 geq
36 3 1 45
36 3 2 at
36 3 3 8
36 4 0 eq
36 4 1 150
36 4 2 at
36 4 3 5
36 5 0 geq
36 5 1 25
36 5 2 at
36 5 3 9
36 3 0 geq
36 3 1 60
36 3 2 within
36 3 3 7
36 3 4 3
36 6 0 gt
36 6 1 56
36 6 2 at
36 5 0 gt
36 5 1 36
36 5 2 after
36 5 3 4
36 4 0 eq
36 4 1 75
36 4 2 before
36 4 3 10
36 4 0 eq
36 4 1 150
36 4 2 after
36 4 3 8
36 3 0 geq
36 3 1 45
36 3 2 at
36 3 3 9
36 6 0 geq
36 6 1 63
36 6 2 before
36 5 0 gt
36 5 1 26
36 5 2 before
36 5 3 3
36 5 0 gt
36 5 1 19
36 5 2 at
36 5 3 4
36 6 0 gt
36 6 1 62
36 6 2 at
36 3 0 geq
36 3 1 45
36 3 2 at
36 3 3 11
36 4 0 eq
36 4 1 150
36 4 2 after
36 4 3 7
36 1 0 geq
36 1 1 60
36 1 2 before
36 1 3 3
36 7 0 geq
36 7 1 18
36 7 2 at
36 7 3 6
36 1 0 geq
36 1 1 60
36 1 2 after
36 1 3 8
36 7 0 geq
36 7 1 19
36 7 2 after
36 7 3 4
36 1 0 geq
36 1 1 45
36 1 2 before
36 1 3 11
36 7 0 geq
36 7 1 23
36 7 2 within
36 7 3 9
36 7 4 5
36 1 0 geq
36 1 1 45
36 1 2 after
36 1 3 5
36 7 0 geq
36 7 1 21
36 7 2 at
36 7 3 6
36 7 0 gt
36 7 1 20
36 7 2 after
36 7 3 1
36 1 0 geq
36 1 1 45
36 1 2 after
36 1 3 3
36 7 0 geq
36 7 1 18
36 7 2 before
36 7 3 6
36 1 0 geq
36 1 1 60
36 1 2 at
36 1 3 6
36 1 0 geq
36 1 1 45
36 1 2 after
36 1 3 4
36 7 0 gt
36 7 1 18
36 7 2 after
36 7 3 2
36 7 0 geq
36 7 1 18
36 7 2 before
36 7 3 9
36 1 0 geq
36 1 1 45
36 1 2 after
36 1 3 7
36 1 0 geq
36 1 1 60
36 1 2 after
36 1 3 2
36 7 0 gt
36 7 1 21
36 7 2 at
36 7 3 3
36 7 0 geq
36 7 1 24
36 7 2 after
36 7 3 9
36 1 0 geq
36 1 1 60
36 1 2 after
36 1 3 4
36 1 0 geq
36 1 1 60
36 1 2 within
36 1 3 3
36 1 4 9
36 7 0 gt
36 7 1 17
36 7 2 after
36 7 3 1
36 7 0 geq
36 7 1 22
36 7 2 at
36 7 3 6
36 1 0 geq
36 1 1 60
36 1 2 at
36 1 3 3
36 7 0 gt
36 7 1 18
36 7 2 within
36 7 3 3
36 7 4 6
36 1 0 geq
36 1 1 60
36 1 2 at
36 1 3 5
36 1 0 geq
36 1 1 45
36 1 2 within
36 1 3 9
36 1 4 4
36 7 0 gt
36 7 1 18
36 7 2 before
36 7 3 11
36 7 0 geq
36 7 1 21
36 7 2 within
36 7 3 6
36 7 4 11
36 1 0 geq
36 1 1 60
36 1 2 after
36 1 3 5
36 1 0 geq
36 1 1 60
36 1 2 within
36 1 3 11
36 1 4 7
36 7 0 gt
36 7 1 21
36 7 2 after
36 7 3 5
36 1 0 geq
36 1 1 45
36 1 2 within
36 1 3 3
36 1 4 11
36 7 0 geq
36 7 1 17
36 7 2 before
36 7 3 3
36 1 0 geq
36 1 1 60
36 1 2 at
36 1 3 5
36 7 0 geq
36 7 1 23
36 7 2 at
36 7 3 4
36 1 0 geq
36 1 1 45
36 1 2 within
36 1 3 3
36 1 4 7
36 7 0 gt
36 7 1 17
36 7 2 at
36 7 3 3
36 1 0 geq
36 1 1 60
36 1 2 at
36 1 3 4
36 7 0 gt
36 7 1 18
36 7 2 within
36 7 3 10
36 7 4 7
36 1 0 geq
36 1 1 45
36 1 2 at
36 1 3 6
36 7 0 geq
36 7 1 23
36 7 2 at
36 7 3 5
36 7 0 gt
36 7 1 19
36 7 2 after
36 7 3 4
36 1 0 geq
36 1 1 60
36 1 2 at
36 1 3 5
36 1 0 geq
36 1 1 60
36 1 2 within
36 1 3 3
36 1 4 4
36 7 0 geq
36 7 1 20
36 7 2 before
36 7 3 9
36 7 0 gt
36 7 1 24
36 7 2 before
36 7 3 9
36 1 0 geq
36 1 1 45
36 1 2 after
36 1 3 9
36 7 0 geq
36 7 1 19
36 7 2 before
36 7 3 6
36 1 0 geq
36 1 1 45
36 1 2 at
36 1 3 4
36 1 0 geq
36 1 1 45
36 1 2 within
36 1 3 11
36 1 4 4
36 7 0 gt
36 7 1 17
36 7 2 after
36 7 3 7
36 1 0 geq
36 1 1 60
36 1 2 before
36 1 3 7
36 7 0 gt
36 7 1 20
36 7 2 after
36 7 3 8
36 7 0 geq
36 7 1 18
36 7 2 within
36 7 3 2
36 7 4 3
36 1 0 geq
36 1 1 45
36 1 2 after
36 1 3 4
36 7 0 geq
36 7 1 18
36 7 2 after
36 7 3 2
36 1 0 geq
36 1 1 45
36 1 2 after
36 1 3 5
36 1 0 geq
36 1 1 45
36 1 2 before
36 1 3 3
36 7 0 gt
36 7 1 18
36 7 2 within
36 7 3 11
36 7 4 4
36 7 0 geq
36 7 1 17
36 7 2 after
36 7 3 7
36 1 0 geq
36 1 1 60
36 1 2 at
36 1 3 7
36 7 0 gt
36 7 1 19
36 7 2 before
36 7 3 3
36 1 0 geq
36 1 1 60
36 1 2 within
36 1 3 5
36 1 4 10
36 1 0 geq
36 1 1 45
36 1 2 within
36 1 3 11
36 1 4 5
36 7 0 geq
36 7 1 21
36 7 2 at
36 7 3 5
36 7 0 geq
36 7 1 23
36 7 2 before
36 7 3 4
36 1 0 geq
36 1 1 45
36 1 2 within
36 1 3 7
36 1 4 4
36 7 0 gt
36 7 1 20
36 7 2 after
36 7 3 5
36 1 0 geq
36 1 1 60
36 1 2 after
36 1 3 4
36 8 0 geq
36 8 1 57
36 8 2 after
36 8 3 2
36 2 0 geq
36 2 1 60
36 2 2 after
36 2 3 8
36 8 0 geq
36 8 1 72
36 8 2 after
36 8 3 1
36 2 0 geq
36 2 1 60
36 2 2 before
36 2 3 3
36 8 0 gt
36 8 1 64
36 8 2 within
36 8 3 8
36 8 4 5
36 2 0 geq
36 2 1 45
36 2 2 at
36 2 3 6
36 8 0 geq
36 8 1 68
36 8 2 at
36 8 3 11
36 2 0 geq
36 2 1 45
36 2 2 before
36 2 3 3
36 8 0 geq
36 8 1 55
36 8 2 at
36 8 3 5
36 2 0 geq
36 2 1 60
36 2 2 after
36 2 3 8
36 2 0 geq
36 2 1 60
36 2 2 before
36 2 3 3
36 8 0 geq
36 8 1 53
36 8 2 within
36 8 3 6
36 8 4 4
36 8 0 gt
36 8 1 71
36 8 2 at
36 8 3 5
36 2 0 geq
36 2 1 60
36 2 2 before
36 2 3 3
36 2 0 geq
36 2 1 45
36 2 2 after
36 2 3 2
36 8 0 geq
36 8 1 68
36 8 2 at
36 8 3 11
36 8 0 gt
36 8 1 50
36 8 2 after
36 8 3 7
36 2 0 geq
36 2 1 45
36 2 2 at
36 2 3 10
36 2 0 geq
36 2 1 45
36 2 2 before
36 2 3 11
36 8 0 gt
36 8 1 60
36 8 2 before
36 8 3 6
36 2 0 geq
36 2 1 45
36 2 2 after
36 2 3 4
36 8 0 geq
36 8 1 75
36 8 2 after
36 8 3 2
36 8 0 gt
36 8 1 74
36 8 2 within
36 8 3 7
36 8 4 6
36 2 0 geq
36 2 1 60
36 2 2 before
36 2 3 4
36 8 0 gt
36 8 1 75
36 8 2 within
36 8 3 9
36 8 4 8
36 2 0 geq
36 2 1 45
36 2 2 after
36 2 3 9
36 2 0 geq
36 2 1 45
36 2 2 within
36 2 3 6
36 2 4 3
36 8 0 gt
36 8 1 74
36 8 2 at
36 8 3 6
36 8 0 gt
36 8 1 60
36 8 2 within
36 8 3 9
36 8 4 10
36 2 0 geq
36 2 1 45
36 2 2 before
36 2 3 5
36 8 0 geq
36 8 1 59
36 8 2 before
36 8 3 11
36 2 0 geq
36 2 1 60
36 2 2 at
36 2 3 10
36 2 0 geq
36 2 1 60
36 2 2 at
36 2 3 6
36 8 0 geq
36 8 1 76
36 8 2 within
36 8 3 8
36 8 4 6
36 2 0 geq
36 2 1 60
36 2 2 after
36 2 3 9
36 8 0 geq
36 8 1 71
36 8 2 at
36 8 3 10
36 8 0 gt
36 8 1 68
36 8 2 within
36 8 3 8
36 8 4 11
36 2 0 geq
36 2 1 60
36 2 2 within
36 2 3 10
36 2 4 8
36 8 0 geq
36 8 1 58
36 8 2 after
36 8 3 1
36 2 0 geq
36 2 1 45
36 2 2 after
36 2 3 4
36 8 0 geq
36 8 1 78
36 8 2 at
36 8 3 6
36 2 0 geq
36 2 1 60
36 2 2 after
36 2 3 9
36 2 0 geq
36 2 1 45
36 2 2 after
36 2 3 4
36 8 0 geq
36 8 1 57
36 8 2 before
36 8 3 11
36 2 0 geq
36 2 1 45
36 2 2 before
36 2 3 5
36 8 0 geq
36 8 1 64
36 8 2 after
36 8 3 5
36 2 0 geq
36 2 1 45
36 2 2 within
36 2 3 5
36 2 4 7
36 8 0 gt
36 8 1 70
36 8 2 at
36 8 3 8
36 8 0 gt
36 8 1 79
36 8 2 after
36 8 3 1
36 2 0 geq
36 2 1 60
36 2 2 before
36 2 3 5
36 8 0 gt
36 8 1 52
36 8 2 within
36 8 3 11
36 8 4 9
36 2 0 geq
36 2 1 60
36 2 2 before
36 2 3 6
36 2 0 geq
36 2 1 45
36 2 2 within
36 2 3 5
36 2 4 4
36 8 0 gt
36 8 1 57
36 8 2 at
36 8 3 8
36 2 0 geq
36 2 1 60
36 2 2 after
36 2 3 4
36 8 0 geq
36 8 1 57
36 8 2 before
36 8 3 8
36 8 0 gt
36 8 1 77
36 8 2 after
36 8 3 2
36 2 0 geq
36 2 1 45
36 2 2 before
36 2 3 10
36 8 0 geq
36 8 1 68
36 8 2 before
36 8 3 10
36 2 0 geq
36 2 1 45
36 2 2 at
36 2 3 10
36 2 0 geq
36 2 1 45
36 2 2 after
36 2 3 2
36 8 0 gt
36 8 1 55
36 8 2 before
36 8 3 10
36 8 0 gt
36 8 1 76
36 8 2 within
36 8 3 10
36 8 4 11
36 2 0 geq
36 2 1 60
36 2 2 after
36 2 3 4
36 8 0 gt
36 8 1 75
36 8 2 before
36 8 3 11
36 2 0 geq
36 2 1 60
36 2 2 before
36 2 3 9
36 8 0 geq
36 8 1 56
36 8 2 within
36 8 3 11
36 8 4 8
36 2 0 geq
36 2 1 60
36 2 2 at
36 2 3 9
36 2 0 geq
36 2 1 45
36 2 2 after
36 2 3 3
36 8 0 geq
36 8 1 78
36 8 2 at
36 8 3 11
1 4 0 eq
1 4 1 60
1 4 2 before
1 4 3 7
1 6 0 gt
1 6 1 50
1 6 2 after
1 3 0 geq
1 3 1 60
1 3 2 within
1 3 3 5
1 3 4 4
1 8 0 gt
1 8 1 60
1 8 2 before
1 8 3 11
1 5 0 geq
1 5 1 30
1 5 2 after
1 5 3 9
1 1 0 geq
1 1 1 60
1 1 2 after
1 1 3 4
2 4 0 eq
2 4 1 60
2 4 2 within
2 4 3 10
2 4 4 6
2 7 0 geq
2 7 1 20
2 7 2 at
2 7 3 10
2 2 0 geq
2 2 1 60
2 2 2 after
2 2 3 3
2 1 0 geq
2 1 1 60
2 1 2 after
2 1 3 2
2 3 0 geq
2 3 1 60
2 3 2 after
2 3 3 4
2 8 0 geq
2 8 1 54
2 8 2 at
2 8 3 10
3 6 0 geq
3 6 1 55
3 6 2 at
3 8 0 gt
3 8 1 75
3 8 2 at
3 8 3 11
3 1 0 geq
3 1 1 60
3 1 2 within
3 1 3 3
3 1 4 7
3 3 0 geq
3 3 1 45
3 3 2 within
3 3 3 4
3 3 4 3
3 4 0 eq
3 4 1 60
3 4 2 within
3 4 3 8
3 4 4 7
3 7 0 gt
3 7 1 22
3 7 2 at
3 7 3 3
4 4 0 eq
4 4 1 60
4 4 2 before
4 4 3 8
4 8 0 geq
4 8 1 53
4 8 2 before
4 8 3 10
4 7 0 geq
4 7 1 21
4 7 2 at
4 7 3 11
4 1 0 geq
4 1 1 60
4 1 2 after
4 1 3 2
4 3 0 geq
4 3 1 60
4 3 2 within
4 3 3 3
4 3 4 9
4 5 0 gt
4 5 1 29
4 5 2 at
4 5 3 11
5 7 0 gt
5 7 1 20
5 7 2 at
5 7 3 10
5 2 0 geq
5 2 1 60
5 2 2 at
5 2 3 11
5 3 0 geq
5 3 1 45
5 3 2 at
5 3 3 8
5 5 0 geq
5 5 1 39
5 5 2 within
5 5 3 9
5 5 4 4
5 4 0 eq
5 4 1 75
5 4 2 after
5 4 3 4
5 8 0 gt
5 8 1 73
5 8 2 after
5 8 3 4
6 8 0 gt
6 8 1 64
6 8 2 at
6 8 3 5
6 1 0 geq
6 1 1 60
6 1 2 within
6 1 3 3
6 1 4 8
6 7 0 gt
6 7 1 22
6 7 2 at
6 7 3 11
6 3 0 geq
6 3 1 45
6 3 2 after
6 3 3 3
6 6 0 geq
6 6 1 50
6 6 2 after
6 4 0 eq
6 4 1 75
6 4 2 after
6 4 3 2
7 5 0 gt
7 5 1 26
7 5 2 after
7 5 3 6
7 8 0 gt
7 8 1 71
7 8 2 at
7 8 3 6
7 7 0 geq
7 7 1 22
7 7 2 at
7 7 3 7
7 1 0 geq
7 1 1 45
7 1 2 after
7 1 3 9
7 4 0 eq
7 4 1 75
7 4 2 after
7 4 3 8
7 2 0 geq
7 2 1 60
7 2 2 within
7 2 3 9
7 2 4 8
8 4 0 eq
8 4 1 120
8 4 2 within
8 4 3 9
8 4 4 7
8 3 0 geq
8 3 1 45
8 3 2 after
8 3 3 2
8 2 0 geq
8 2 1 60
8 2 2 after
8 2 3 3
8 1 0 geq
8 1 1 60
8 1 2 within
8 1 3 9
8 1 4 8
8 8 0 geq
8 8 1 72
8 8 2 at
8 8 3 5
8 6 0 geq
8 6 1 53
8 6 2 at
9 4 0 eq
9 4 1 75
9 4 2 before
9 4 3 5
9 7 0 geq
9 7 1 18
9 7 2 within
9 7 3 10
9 7 4 9
9 5 0 geq
9 5 1 40
9 5 2 at
9 5 3 4
9 6 0 geq
9 6 1 62
9 6 2 at
9 2 0 geq
9 2 1 60
9 2 2 within
9 2 3 9
9 2 4 11
9 1 0 geq
9 1 1 60
9 1 2 after
9 1 3 7
10 2 0 geq
10 2 1 60
10 2 2 within
10 2 3 7
10 2 4 8
10 5 0 geq
10 5 1 30
10 5 2 after
10 5 3 9
10 6 0 gt
10 6 1 54
10 6 2 before
10 3 0 geq
10 3 1 45
10 3 2 before
10 3 3 7
10 8 0 geq
10 8 1 71
10 8 2 at
10 8 3 5
10 4 0 eq
10 4 1 120
10 4 2 at
10 4 3 4
11 2 0 geq
11 2 1 60
11 2 2 within
11 2 3 10
11 2 4 4
11 6 0 gt
11 6 1 58
11 6 2 at
11 5 0 gt
11 5 1 33
11 5 2 within
11 5 3 5
11 5 4 7
11 4 0 eq
11 4 1 75
11 4 2 within
11 4 3 7
11 4 4 6
11 1 0 geq
11 1 1 60
11 1 2 after
11 1 3 8
11 7 0 gt
11 7 1 20
11 7 2 before
11 7 3 4
12 4 0 eq
12 4 1 60
12 4 2 before
12 4 3 5
12 3 0 geq
12 3 1 60
12 3 2 before
12 3 3 11
12 1 0 geq
12 1 1 45
12 1 2 at
12 1 3 11
12 6 0 gt
12 6 1 54
12 6 2 before
12 5 0 geq
12 5 1 22
12 5 2 after
12 5 3 8
12 2 0 geq
12 2 1 60
12 2 2 before
12 2 3 5
13 2 0 geq
13 2 1 45
13 2 2 at
13 2 3 5
13 5 0 gt
13 5 1 28
13 5 2 before
13 5 3 4
13 4 0 eq
13 4 1 60
13 4 2 after
13 4 3 3
13 3 0 geq
13 3 1 60
13 3 2 before
13 3 3 9
13 8 0 gt
13 8 1 78
13 8 2 after
13 8 3 4
13 7 0 geq
13 7 1 24
13 7 2 within
13 7 3 10
13 7 4 3
14 4 0 eq
14 4 1 150
14 4 2 within
14 4 3 4
14 4 4 8
14 1 0 geq
14 1 1 45
14 1 2 after
14 1 3 3
14 8 0 gt
14 8 1 57
14 8 2 within
14 8 3 5
14 8 4 8
14 7 0 geq
14 7 1 21
14 7 2 before
14 7 3 7
14 5 0 geq
14 5 1 37
14 5 2 at
14 5 3 10
14 3 0 geq
14 3 1 60
14 3 2 before
14 3 3 3
15 7 0 geq
15 7 1 19
15 7 2 at
15 7 3 9
15 6 0 gt
15 6 1 50
15 6 2 after
15 2 0 geq
15 2 1 60
15 2 2 at
15 2 3 5
15 5 0 gt
15 5 1 37
15 5 2 before
15 5 3 6
15 8 0 geq
15 8 1 70
15 8 2 after
15 8 3 6
15 4 0 eq
15 4 1 120
15 4 2 at
15 4 3 5
16 2 0 geq
16 2 1 60
16 2 2 at
16 2 3 7
16 5 0 geq
16 5 1 25
16 5 2 before
16 5 3 8
16 1 0 geq
16 1 1 45
16 1 2 before
16 1 3 4
16 7 0 gt
16 7 1 19
16 7 2 after
16 7 3 6
16 3 0 geq
16 3 1 60
16 3 2 within
16 3 3 11
16 3 4 5
16 8 0 geq
16 8 1 54
16 8 2 within
16 8 3 8
16 8 4 5
17 6 0 geq
17 6 1 61
17 6 2 after
17 1 0 geq
17 1 1 60
17 1 2 at
17 1 3 4
17 4 0 eq
17 4 1 60
17 4 2 at
17 4 3 11
17 5 0 gt
17 5 1 27
17 5 2 within
17 5 3 8
17 5 4 4
17 8 0 gt
17 8 1 57
17 8 2 within
17 8 3 7
17 8 4 8
17 2 0 geq
17 2 1 60
17 2 2 at
17 2 3 7
18 2 0 geq
18 2 1 45
18 2 2 at
18 2 3 11
18 5 0 gt
18 5 1 38
18 5 2 after
18 5 3 2
18 7 0 gt
18 7 1 22
18 7 2 after
18 7 3 9
18 4 0 eq
18 4 1 60
18 4 2 within
18 4 3 9
18 4 4 8
18 6 0 gt
18 6 1 53
18 6 2 at
18 1 0 geq
18 1 1 45
18 1 2 after
18 1 3 2
19 6 0 geq
19 6 1 59
19 6 2 before
19 3 0 geq
19 3 1 60
19 3 2 after
19 3 3 6
19 4 0 eq
19 4 1 60
19 4 2 after
19 4 3 3
19 1 0 geq
19 1 1 45
19 1 2 within
19 1 3 4
19 1 4 6
19 7 0 geq
19 7 1 21
19 7 2 before
19 7 3 9
19 2 0 geq
19 2 1 45
19 2 2 within
19 2 3 8
19 2 4 3
20 6 0 geq
20 6 1 52
20 6 2 after
20 2 0 geq
20 2 1 60
20 2 2 within
20 2 3 3
20 2 4 11
20 1 0 geq
20 1 1 45
20 1 2 at
20 1 3 9
20 4 0 eq
20 4 1 150
20 4 2 within
20 4 3 5
20 4 4 4
20 8 0 geq
20 8 1 54
20 8 2 within
20 8 3 6
20 8 4 7
20 7 0 gt
20 7 1 24
20 7 2 within
20 7 3 9
20 7 4 5
21 1 0 geq
21 1 1 60
21 1 2 before
21 1 3 9
21 2 0 geq
21 2 1 45
21 2 2 at
21 2 3 11
21 6 0 geq
21 6 1 55
21 6 2 before
21 8 0 geq
21 8 1 72
21 8 2 before
21 8 3 11
21 5 0 gt
21 5 1 16
21 5 2 at
21 5 3 11
21 3 0 geq
21 3 1 45
21 3 2 at
21 3 3 10
22 7 0 geq
22 7 1 17
22 7 2 before
22 7 3 5
22 4 0 eq
22 4 1 60
22 4 2 at
22 4 3 11
22 5 0 gt
22 5 1 18
22 5 2 before
22 5 3 4
22 6 0 gt
22 6 1 64
22 6 2 before
22 8 0 gt
22 8 1 56
22 8 2 at
22 8 3 5
22 1 0 geq
22 1 1 45
22 1 2 after
22 1 3 1
23 3 0 geq
23 3 1 60
23 3 2 before
23 3 3 10
23 8 0 gt
23 8 1 79
23 8 2 before
23 8 3 6
23 1 0 geq
23 1 1 45
23 1 2 within
23 1 3 7
23 1 4 11
23 5 0 gt
23 5 1 30
23 5 2 before
23 5 3 5
23 2 0 geq
23 2 1 45
23 2 2 before
23 2 3 10
23 4 0 eq
23 4 1 120
23 4 2 after
23 4 3 7
24 1 0 geq
24 1 1 45
24 1 2 before
24 1 3 8
24 7 0 geq
24 7 1 24
24 7 2 after
24 7 3 8
24 6 0 gt
24 6 1 57
24 6 2 before
24 4 0 eq
24 4 1 60
24 4 2 after
24 4 3 3
24 3 0 geq
24 3 1 45
24 3 2 within
24 3 3 5
24 3 4 9
24 8 0 gt
24 8 1 75
24 8 2 before
24 8 3 10
25 1 0 geq
25 1 1 60
25 1 2 within
25 1 3 4
25 1 4 7
25 5 0 geq
25 5 1 30
25 5 2 after
25 5 3 6
25 2 0 geq
25 2 1 45
25 2 2 after
25 2 3 7
25 6 0 gt
25 6 1 63
25 6 2 after
25 4 0 eq
25 4 1 75
25 4 2 before
25 4 3 9
25 8 0 geq
25 8 1 54
25 8 2 before
25 8 3 10
26 1 0 geq
26 1 1 60
26 1 2 before
26 1 3 7
26 6 0 gt
26 6 1 51
26 6 2 at
26 3 0 geq
26 3 1 60
26 3 2 within
26 3 3 10
26 3 4 5
26 4 0 eq
26 4 1 120
26 4 2 at
26 4 3 6
26 7 0 geq
26 7 1 21
26 7 2 after
26 7 3 8
26 5 0 gt
26 5 1 18
26 5 2 at
26 5 3 5
27 7 0 gt
27 7 1 21
27 7 2 at
27 7 3 10
27 8 0 gt
27 8 1 71
27 8 2 before
27 8 3 10
27 3 0 geq
27 3 1 45
27 3 2 at
27 3 3 8
27 6 0 gt
27 6 1 60
27 6 2 after
27 4 0 eq
27 4 1 120
27 4 2 after
27 4 3 1
27 1 0 geq
27 1 1 60
27 1 2 at
27 1 3 5
28 8 0 gt
28 8 1 51
28 8 2 at
28 8 3 9
28 2 0 geq
28 2 1 60
28 2 2 at
28 2 3 3
28 6 0 gt
28 6 1 58
28 6 2 before
28 1 0 geq
28 1 1 60
28 1 2 within
28 1 3 5
28 1 4 8
28 4 0 eq
28 4 1 150
28 4 2 after
28 4 3 3
28 3 0 geq
28 3 1 45
28 3 2 before
28 3 3 6
29 7 0 geq
29 7 1 21
29 7 2 before
29 7 3 8
29 1 0 geq
29 1 1 45
29 1 2 before
29 1 3 10
29 3 0 geq
29 3 1 60
29 3 2 within
29 3 3 5
29 3 4 11
29 6 0 geq
29 6 1 55
29 6 2 after
29 5 0 gt
29 5 1 27
29 5 2 at
29 5 3 3
29 8 0 geq
29 8 1 59
29 8 2 at
29 8 3 8
30 1 0 geq
30 1 1 45
30 1 2 within
30 1 3 9
30 1 4 4
30 3 0 geq
30 3 1 45
30 3 2 after
30 3 3 6
30 7 0 geq
30 7 1 20
30 7 2 at
30 7 3 8
30 6 0 gt
30 6 1 55
30 6 2 after
30 2 0 geq
30 2 1 60
30 2 2 after
30 2 3 4
30 5 0 gt
30 5 1 18
30 5 2 after
30 5 3 9
31 2 0 geq
31 2 1 60
31 2 2 at
31 2 3 10
31 8 0 geq
31 8 1 75
31 8 2 within
31 8 3 11
31 8 4 10
31 1 0 geq
31 1 1 45
31 1 2 after
31 1 3 1
31 3 0 geq
31 3 1 60
31 3 2 within
31 3 3 11
31 3 4 5
31 5 0 geq
31 5 1 18
31 5 2 within
31 5 3 6
31 5 4 4
31 4 0 eq
31 4 1 120
31 4 2 after
31 4 3 8
32 3 0 geq
32 3 1 60
32 3 2 before
32 3 3 6
32 5 0 geq
32 5 1 40
32 5 2 at
32 5 3 10
32 8 0 geq
32 8 1 69
32 8 2 within
32 8 3 10
32 8 4 9
32 2 0 geq
32 2 1 45
32 2 2 after
32 2 3 8
32 1 0 geq
32 1 1 45
32 1 2 at
32 1 3 10
32 4 0 eq
32 4 1 120
32 4 2 at
32 4 3 7
33 2 0 geq
33 2 1 45
33 2 2 after
33 2 3 8
33 1 0 geq
33 1 1 60
33 1 2 at
33 1 3 9
33 5 0 geq
33 5 1 17
33 5 2 at
33 5 3 9
33 4 0 eq
33 4 1 150
33 4 2 after
33 4 3 1
33 3 0 geq
33 3 1 60
33 3 2 within
33 3 3 7
33 3 4 6
33 7 0 gt
33 7 1 20
33 7 2 at
33 7 3 8
34 6 0 geq
34 6 1 52
34 6 2 after
34 4 0 eq
34 4 1 75
34 4 2 at
34 4 3 7
34 8 0 geq
34 8 1 79
34 8 2 after
34 8 3 1
34 5 0 gt
34 5 1 39
34 5 2 within
34 5 3 5
34 5 4 10
34 2 0 geq
34 2 1 60
34 2 2 at
34 2 3 5
34 1 0 geq
34 1 1 60
34 1 2 at
34 1 3 11
35 1 0 geq
35 1 1 45
35 1 2 at
35 1 3 7
35 8 0 geq
35 8 1 52
35 8 2 within
35 8 3 9
35 8 4 11
35 4 0 eq
35 4 1 150
35 4 2 after
35 4 3 6
35 2 0 geq
35 2 1 60
35 2 2 before
35 2 3 3
35 7 0 geq
35 7 1 23
35 7 2 after
35 7 3 7
35 5 0 geq
35 5 1 22
35 5 2 before
35 5 3 8
36 6 0 gt
36 6 1 56
36 6 2 after
36 4 0 eq
36 4 1 150
36 4 2 before
36 4 3 7
36 3 0 geq
36 3 1 45
36 3 2 at
36 3 3 7
36 5 0 geq
36 5 1 32
36 5 2 at
36 5 3 8
36 5 0 gt
36 5 1 18
36 5 2 before
36 5 3 3
36 6 0 gt
36 6 1 52
36 6 2 at
36 4 0 eq
36 4 1 120
36 4 2 at
36 4 3 6
36 3 0 geq
36 3 1 45
36 3 2 at
36 3 3 4
36 4 0 eq
36 4 1 75
36 4 2 within
36 4 3 6
36 4 4 5
36 6 0 geq
36 6 1 65
36 6 2 at
36 5 0 gt
36 5 1 40
36 5 2 before
36 5 3 11
36 3 0 geq
36 3 1 45
36 3 2 after
36 3 3 1
36 3 0 geq
36 3 1 45
36 3 2 within
36 3 3 6
36 3 4 10
36 4 0 eq
36 4 1 60
36 4 2 within
36 4 3 5
36 4 4 7
36 5 0 gt
36 5 1 20
36 5 2 after
36 5 3 9
36 6 0 geq
36 6 1 50
36 6 2 before
36 3 0 geq
36 3 1 60
36 3 2 after
36 3 3 9
36 4 0 eq
36 4 1 150
36 4 2 at
36 4 3 4
36 6 0 gt
36 6 1 55
36 6 2 after
36 5 0 gt
36 5 1 28
36 5 2 before
36 5 3 4
36 6 0 geq
36 6 1 54
36 6 2 at
36 5 0 gt
36 5 1 26
36 5 2 after
36 5 3 8
36 3 0 geq
36 3 1 45
36 3 2 before
36 3 3 4
36 4 0 eq
36 4 1 150
36 4 2 before
36 4 3 6
36 6 0 gt
36 6 1 58
36 6 2 at
36 4 0 eq
36 4 1 60
36 4 2 after
36 4 3 5
36 5 0 geq
36 5 1 33
36 5 2 after
36 5 3 5
36 3 0 geq
36 3 1 45
36 3 2 within
36 3 3 10
36 3 4 6
36 3 0 geq
36 3 1 60
36 3 2 before
36 3 3 7
36 5 0 gt
36 5 1 36
36 5 2 after
36 5 3 2
36 6 0 gt
36 6 1 51
36 6 2 before
36 4 0 eq
36 4 1 150
36 4 2 at
36 4 3 7
36 3 0 geq
36 3 1 60
36 3 2 at
36 3 3 9
36 5 0 geq
36 5 1 32
36 5 2 within
36 5 3 9
36 5 4 7
36 4 0 eq
36 4 1 75
36 4 2 within
36 4 3 3
36 4 4 9
36 6 0 geq
36 6 1 56
36 6 2 at
36 4 0 eq
36 4 1 75
36 4 2 within
36 4 3 3
36 4 4 9
36 3 0 geq
36 3 1 45
36 3 2 before
36 3 3 9
36 5 0 geq
36 5 1 37
36 5 2 after
36 5 3 6
36 6 0 geq
36 6 1 52
36 6 2 at
36 5 0 geq
36 5 1 36
36 5 2 at
36 5 3 10
36 3 0 geq
36 3 1 45
36 3 2 after
36 3 3 2
36 4 0 eq
36 4 1 60
36 4 2 before
36 4 3 11
36 6 0 gt
36 6 1 53
36 6 2 after
36 6 0 geq
36 6 1 53
36 6 2 before
36 5 0 gt
36 5 1 21
36 5 2 at
36 5 3 6
36 4 0 eq
36 4 1 60
36 4 2 within
36 4 3 11
36 4 4 7
36 3 0 geq
36 3 1 60
36 3 2 after
36 3 3 5
36 6 0 gt
36 6 1 51
36 6 2 at
36 3 0 geq
36 3 1 45
36 3 2 within
36 3 3 9
36 3 4 3
36 4 0 eq
36 4 1 60
36 4 2 at
36 4 3 7
36 5 0 gt
36 5 1 23
36 5 2 after
36 5 3 2
36 3 0 geq
36 3 1 45
36 3 2 at
36 3 3 4
36 6 0 gt
36 6 1 62
36 6 2 at
36 4 0 eq
36 4 1 150
36 4 2 within
36 4 3 8
36 4 4 6
36 5 0 gt
36 5 1 21
36 5 2 after
36 5 3 5
36 6 0 gt
36 6 1 55
36 6 2 after
36 3 0 geq
36 3 1 45
36 3 2 before
36 3 3 5
36 5 0 geq
36 5 1 15
36 5 2 after
36 5 3 1
36 4 0 eq
36 4 1 120
36 4 2 after
36 4 3 2
36 4 0 eq
36 4 1 75
36 4 2 after
36 4 3 8
36 5 0 gt
36 5 1 23
36 5 2 before
36 5 3 5
36 3 0 geq
36 3 1 45
36 3 2 within
36 3 3 11
36 3 4 5
36 6 0 gt
36 6 1 51
36 6 2 before
36 4 0 eq
36 4 1 60
36 4 2 at
36 4 3 4
36 5 0 geq
36 5 1 26
36 5 2 at
36 5 3 6
36 3 0 geq
36 3 1 45
36 3 2 within
36 3 3 7
36 3 4 4
36 6 0 geq
36 6 1 62
36 6 2 after
36 6 0 gt
36 6 1 54
36 6 2 after
36 4 0 eq
36 4 1 75
36 4 2 at
36 4 3 6
36 5 0 geq
36 5 1 37
36 5 2 at
36 5 3 5
36 3 0 geq
36 3 1 60
36 3 2 within
36 3 3 9
36 3 4 3
36 5 0 gt
36 5 1 19
36 5 2 after
36 5 3 3
36 4 0 eq
36 4 1 75
36 4 2 within
36 4 3 9
36 4 4 8
36 6 0 gt
36 6 1 52
36 6 2 at
36 3 0 geq
36 3 1 45
36 3 2 at
36 3 3 11
36 4 0 eq
36 4 1 120
36 4 2 within
36 4 3 11
36 4 4 4
36 3 0 geq
36 3 1 45
36 3 2 within
36 3 3 9
36 3 4 3
36 6 0 gt
36 6 1 57
36 6 2 at
36 5 0 geq
36 5 1 28
36 5 2 after
36 5 3 7
36 3 0 geq
36 3 1 45
36 3 2 before
36 3 3 11
36 5 0 gt
36 5 1 20
36 5 2 within
36 5 3 10
36 5 4 9
36 4 0 eq
36 4 1 120
36 4 2 at
36 4 3 7
36 6 0 geq
36 6 1 57
36 6 2 at
36 3 0 geq
36 3 1 45
36 3 2 at
36 3 3 11
36 4 0 eq
36 4 1 60
36 4 2 before
36 4 3 7
36 5 0 geq
36 5 1 30
36 5 2 at
36 5 3 4
36 6 0 gt
36 6 1 50
36 6 2 after
36 4 0 eq
36 4 1 120
36 4 2 before
36 4 3 11
36 6 0 geq
36 6 1 65
36 6 2 at
36 5 0 gt
36 5 1 18
36 5 2 at
36 5 3 2
36 3 0 geq
36 3 1 45
36 3 2 before
36 3 3 11
36 6 0 gt
36 6 1 63
36 6 2 after
36 4 0 eq
36 4 1 120
36 4 2 before
36 4 3 6
36 3 0 geq
36 3 1 60
36 3 2 at
36 3 3 8
36 5 0 geq
36 5 1 15
36 5 2 before
36 5 3 11
36 3 0 geq
36 3 1 45
36 3 2 before
36 3 3 5
36 5 0 geq
36 5 1 20
36 5 2 after
36 5 3 5
36 4 0 eq
36 4 1 150
36 4 2 at
36 4 3 5
36 6 0 geq
36 6 1 63
36 6 2 before
36 3 0 geq
36 3 1 45
36 3 2 after
36 3 3 9
36 5 0 gt
36 5 1 26
36 5 2 after
36 5 3 5
36 4 0 eq
36 4 1 60
36 4 2 at
36 4 3 5
36 6 0 gt
36 6 1 58
36 6 2 before
36 6 0 gt
36 6 1 50
36 6 2 at
36 4 0 eq
36 4 1 75
36 4 2 at
36 4 3 8
36 3 0 geq
36 3 1 45
36 3 2 within
36 3 3 9
36 3 4 4
36 5 0 geq
36 5 1 25
36 5 2 within
36 5 3 3
36 5 4 11
36 6 0 gt
36 6 1 62
36 6 2 after
36 4 0 eq
36 4 1 120
36 4 2 at
36 4 3 10
36 3 0 geq
36 3 1 60
36 3 2 after
36 3 3 4
36 5 0 gt
36 5 1 20
36 5 2 before
36 5 3 6
36 4 0 eq
36 4 1 150
36 4 2 after
36 4 3 5
36 3 0 geq
36 3 1 45
36 3 2 before
36 3 3 5
36 6 0 gt
36 6 1 52
36 6 2 after
36 5 0 gt
36 5 1 30
36 5 2 within
36 5 3 6
36 5 4 5
36 3 0 geq
36 3 1 60
36 3 2 within
36 3 3 10
36 3 4 5
36 4 0 eq
36 4 1 150
36 4 2 after
36 4 3 6
36 6 0 geq
36 6 1 50
36 6 2 at
36 5 0 geq
36 5 1 39
36 5 2 at
36 5 3 11
36 5 0 geq
36 5 1 34
36 5 2 after
36 5 3 4
36 3 0 geq
36 3 1 60
36 3 2 at
36 3 3 7
36 6 0 gt
36 6 1 54
36 6 2 after
36 4 0 eq
36 4 1 120
36 4 2 at
36 4 3 4
36 3 0 geq
36 3 1 60
36 3 2 after
36 3 3 3
36 6 0 geq
36 6 1 53
36 6 2 before
36 5 0 geq
36 5 1 27
36 5 2 after
36 5 3 3
36 4 0 eq
36 4 1 120
36 4 2 before
36 4 3 9
36 6 0 geq
36 6 1 65
36 6 2 at
36 4 0 eq
36 4 1 75
36 4 2 after
36 4 3 9
36 5 0 gt
36 5 1 24
36 5 2 after
36 5 3 6
36 3 0 geq
36 3 1 45
36 3 2 before
36 3 3 7
36 4 0 eq
36 4 1 150
36 4 2 at
36 4 3 5
36 6 0 gt
36 6 1 50
36 6 2 after
36 3 0 geq
36 3 1 45
36 3 2 within
36 3 3 3
36 3 4 4
36 5 0 geq
36 5 1 16
36 5 2 within
36 5 3 5
36 5 4 8
36 3 0 geq
36 3 1 45
36 3 2 before
36 3 3 6
36 4 0 eq
36 4 1 150
36 4 2 at
36 4 3 6
36 6 0 geq
36 6 1 53
36 6 2 at
36 5 0 gt
36 5 1 30
36 5 2 before
36 5 3 10
36 7 0 geq
36 7 1 23
36 7 2 before
36 7 3 8
36 1 0 geq
36 1 1 45
36 1 2 before
36 1 3 11
36 7 0 gt
36 7 1 24
36 7 2 within
36 7 3 8
36 7 4 4
36 1 0 geq
36 1 1 45
36 1 2 at
36 1 3 5
36 7 0 gt
36 7 1 18
36 7 2 after
36 7 3 6
36 1 0 geq
36 1 1 60
36 1 2 within
36 1 3 7
36 1 4 6
36 1 0 geq
36 1 1 45
36 1 2 before
36 1 3 4
36 7 0 geq
36 7 1 17
36 7 2 after
36 7 3 10
36 7 0 geq
36 7 1 19
36 7 2 before
36 7 3 3
36 1 0 geq
36 1 1 60
36 1 2 at
36 1 3 5
36 7 0 gt
36 7 1 17
36 7 2 after
36 7 3 2
36 1 0 geq
36 1 1 60
36 1 2 after
36 1 3 7
36 7 0 geq
36 7 1 20
36 7 2 after
36 7 3 8
36 1 0 geq
36 1 1 60
36 1 2 after
36 1 3 4
36 1 0 geq
36 1 1 45
36 1 2 before
36 1 3 9
36 7 0 geq
36 7 1 22
36 7 2 at
36 7 3 3
36 1 0 geq
36 1 1 60
36 1 2 before
36 1 3 4
36 7 0 gt
36 7 1 24
36 7 2 within
36 7 3 11
36 7 4 10
36 1 0 geq
36 1 1 60
36 1 2 before
36 1 3 5
36 7 0 gt
36 7 1 21
36 7 2 at
36 7 3 7
36 1 0 geq
36 1 1 60
36 1 2 after
36 1 3 9
36 7 0 geq
36 7 1 19
36 7 2 at
36 7 3 8
36 1 0 geq
36 1 1 60
36 1 2 within
36 1 3 8
36 1 4 5
36 7 0 geq
36 7 1 24
36 7 2 before
36 7 3 5
36 1 0 geq
36 1 1 60
36 1 2 after
36 1 3 7
36 7 0 geq
36 7 1 22
36 7 2 before
36 7 3 5
36 1 0 geq
36 1 1 45
36 1 2 at
36 1 3 6
36 7 0 geq
36 7 1 21
36 7 2 within
36 7 3 3
36 7 4 6
36 1 0 geq
36 1 1 45
36 1 2 after
36 1 3 8
36 7 0 geq
36 7 1 18
36 7 2 before
36 7 3 5
36 7 0 geq
36 7 1 20
36 7 2 after
36 7 3 3
36 1 0 geq
36 1 1 60
36 1 2 within
36 1 3 9
36 1 4 3
36 7 0 geq
36 7 1 18
36 7 2 at
36 7 3 4
36 1 0 geq
36 1 1 60
36 1 2 at
36 1 3 6
36 1 0 geq
36 1 1 60
36 1 2 within
36 1 3 8
36 1 4 9
36 7 0 geq
36 7 1 22
36 7 2 within
36 7 3 6
36 7 4 8
36 7 0 geq
36 7 1 17
36 7 2 before
36 7 3 11
36 1 0 geq
36 1 1 60
36 1 2 within
36 1 3 4
36 1 4 3
36 1 0 geq
36 1 1 60
36 1 2 within
36 1 3 11
36 1 4 9
36 7 0 geq
36 7 1 21
36 7 2 after
36 7 3 1
36 1 0 geq
36 1 1 60
36 1 2 before
36 1 3 10
36 7 0 gt
36 7 1 21
36 7 2 at
36 7 3 10
36 1 0 geq
36 1 1 45
36 1 2 before
36 1 3 6
36 7 0 geq
36 7 1 24
36 7 2 at
36 7 3 10
36 1 0 geq
36 1 1 45
36 1 2 at
36 1 3 9
36 7 0 geq
36 7 1 24
36 7 2 after
36 7 3 8
36 1 0 geq
36 1 1 45
36 1 2 within
36 1 3 4
36 1 4 7
36 7 0 gt
36 7 1 23
36 7 2 after
36 7 3 1
36 7 0 gt
36 7 1 18
36 7 2 before
36 7 3 8
36 1 0 geq
36 1 1 45
36 1 2 within
36 1 3 4
36 1 4 11
36 7 0 gt
36 7 1 23
36 7 2 before
36 7 3 5
36 1 0 geq
36 1 1 45
36 1 2 within
36 1 3 8
36 1 4 10
36 7 0 geq
36 7 1 22
36 7 2 after
36 7 3 9
36 1 0 geq
36 1 1 45
36 1 2 at
36 1 3 11
36 7 0 geq
36 7 1 18
36 7 2 at
36 7 3 3
36 1 0 geq
36 1 1 45
36 1 2 before
36 1 3 10
36 7 0 gt
36 7 1 23
36 7 2 at
36 7 3 3
36 1 0 geq
36 1 1 45
36 1 2 within
36 1 3 9
36 1 4 4
36 7 0 geq
36 7 1 18
36 7 2 before
36 7 3 11
36 1 0 geq
36 1 1 45
36 1 2 at
36 1 3 10
36 1 0 geq
36 1 1 60
36 1 2 within
36 1 3 7
36 1 4 11
36 7 0 geq
36 7 1 19
36 7 2 after
36 7 3 3
36 1 0 geq
36 1 1 45
36 1 2 before
36 1 3 5
36 7 0 gt
36 7 1 22
36 7 2 within
36 7 3 9
36 7 4 10
36 7 0 gt
36 7 1 18
36 7 2 before
36 7 3 5
36 1 0 geq
36 1 1 45
36 1 2 after
36 1 3 5
36 1 0 geq
36 1 1 60
36 1 2 after
36 1 3 4
36 7 0 gt
36 7 1 17
36 7 2 after
36 7 3 6
36 1 0 geq
36 1 1 45
36 1 2 at
36 1 3 4
36 7 0 geq
36 7 1 23
36 7 2 after
36 7 3 4
36 2 0 geq
36 2 1 45
36 2 2 within
36 2 3 3
36 2 4 11
36 8 0 geq
36 8 1 65
36 8 2 at
36 8 3 8
36 2 0 geq
36 2 1 45
36 2 2 within
36 2 3 8
36 2 4 5
36 8 0 geq
36 8 1 68
36 8 2 at
36 8 3 9
36 8 0 gt
36 8 1 61
36 8 2 within
36 8 3 8
36 8 4 4
36 2 0 geq
36 2 1 60
36 2 2 after
36 2 3 1
36 8 0 gt
36 8 1 57
36 8 2 after
36 8 3 7
36 2 0 geq
36 2 1 45
36 2 2 at
36 2 3 11
36 2 0 geq
36 2 1 60
36 2 2 before
36 2 3 9
36 8 0 gt
36 8 1 76
36 8 2 at
36 8 3 7
36 8 0 geq
36 8 1 70
36 8 2 before
36 8 3 11
36 2 0 geq
36 2 1 60
36 2 2 at
36 2 3 10
36 2 0 geq
36 2 1 45
36 2 2 at
36 2 3 5
36 8 0 geq
36 8 1 70
36 8 2 at
36 8 3 8
36 2 0 geq
36 2 1 45
36 2 2 within
36 2 3 11
36 2 4 8
36 8 0 geq
36 8 1 51
36 8 2 after
36 8 3 2
36 2 0 geq
36 2 1 45
36 2 2 within
36 2 3 7
36 2 4 9
36 8 0 geq
36 8 1 66
36 8 2 at
36 8 3 8
36 2 0 geq
36 2 1 45
36 2 2 at
36 2 3 11
36 8 0 gt
36 8 1 76
36 8 2 before
36 8 3 11
36 8 0 geq
36 8 1 55
36 8 2 at
36 8 3 4
36 2 0 geq
36 2 1 60
36 2 2 after
36 2 3 8
36 8 0 gt
36 8 1 50
36 8 2 at
36 8 3 10
36 2 0 geq
36 2 1 60
36 2 2 within
36 2 3 7
36 2 4 10
36 8 0 geq
36 8 1 52
36 8 2 at
36 8 3 5
36 2 0 geq
36 2 1 45
36 2 2 at
36 2 3 11
36 8 0 geq
36 8 1 64
36 8 2 before
36 8 3 10
36 2 0 geq
36 2 1 45
36 2 2 after
36 2 3 8
36 2 0 geq
36 2 1 45
36 2 2 before
36 2 3 3
36 8 0 geq
36 8 1 56
36 8 2 at
36 8 3 5
36 8 0 geq
36 8 1 80
36 8 2 within
36 8 3 10
36 8 4 7
36 2 0 geq
36 2 1 45
36 2 2 at
36 2 3 9
36 2 0 geq
36 2 1 45
36 2 2 at
36 2 3 6
36 8 0 gt
36 8 1 68
36 8 2 at
36 8 3 11
36 8 0 geq
36 8 1 50
36 8 2 at
36 8 3 9
36 2 0 geq
36 2 1 45
36 2 2 within
36 2 3 3
36 2 4 6
36 8 0 gt
36 8 1 78
36 8 2 before
36 8 3 6
36 2 0 geq
36 2 1 60
36 2 2 before
36 2 3 11
36 8 0 gt
36 8 1 66
36 8 2 before
36 8 3 11
36 2 0 geq
36 2 1 60
36 2 2 at
36 2 3 9
36 8 0 geq
36 8 1 72
36 8 2 within
36 8 3 10
36 8 4 11
36 2 0 geq
36 2 1 60
36 2 2 after
36 2 3 9
36 8 0 gt
36 8 1 79
36 8 2 at
36 8 3 11
36 2 0 geq
36 2 1 60
36 2 2 before
36 2 3 4
36 8 0 geq
36 8 1 75
36 8 2 before
36 8 3 7
36 2 0 geq
36 2 1 45
36 2 2 after
36 2 3 6
36 2 0 geq
36 2 1 60
36 2 2 before
36 2 3 6
36 8 0 gt
36 8 1 75
36 8 2 at
36 8 3 6
36 8 0 geq
36 8 1 55
36 8 2 before
36 8 3 11
36 2 0 geq
36 2 1 45
36 2 2 before
36 2 3 9
36 2 0 geq
36 2 1 60
36 2 2 before
36 2 3 3
36 8 0 geq
36 8 1 52
36 8 2 at
36 8 3 8
36 8 0 gt
36 8 1 69
36 8 2 before
36 8 3 9
36 2 0 geq
36 2 1 45
36 2 2 within
36 2 3 9
36 2 4 7
36 2 0 geq
36 2 1 60
36 2 2 within
36 2 3 3
36 2 4 6
36 8 0 gt
36 8 1 50
36 8 2 at
36 8 3 8
36 2 0 geq
36 2 1 45
36 2 2 within
36 2 3 11
36 2 4 8
36 8 0 geq
36 8 1 57
36 8 2 within
36 8 3 10
36 8 4 9
36 8 0 geq
36 8 1 75
36 8 2 at
36 8 3 11
36 2 0 geq
36 2 1 45
36 2 2 before
36 2 3 5
36 2 0 geq
36 2 1 60
36 2 2 before
36 2 3 10
36 8 0 gt
36 8 1 77
36 8 2 before
36 8 3 11
36 8 0 geq
36 8 1 80
36 8 2 before
36 8 3 10
36 2 0 geq
36 2 1 45
36 2 2 at
36 2 3 3
36 8 0 gt
36 8 1 74
36 8 2 at
36 8 3 10
36 2 0 geq
36 2 1 60
36 2 2 after
36 2 3 1
36 2 0 geq
36 2 1 60
36 2 2 at
36 2 3 7
36 8 0 gt
36 8 1 56
36 8 2 within
36 8 3 9
36 8 4 10
36 2 0 geq
36 2 1 45
36 2 2 at
36 2 3 5
36 8 0 geq
36 8 1 68
36 8 2 before
36 8 3 9
