1 2 0 geq
1 2 1 60
1 2 2 within
1 2 3 10
1 2 4 8
1 4 0 eq
1 4 1 150
1 4 2 before
1 4 3 7
1 8 0 geq
1 8 1 58
1 8 2 within
1 8 3 5
1 8 4 8
1 1 0 geq
1 1 1 60
1 1 2 after
1 1 3 6
1 7 0 geq
1 7 1 22
1 7 2 within
1 7 3 6
1 7 4 7
1 3 0 geq
1 3 1 45
1 3 2 at
1 3 3 8
2 3 0 geq
2 3 1 60
2 3 2 within
2 3 3 3
2 3 4 11
2 6 0 gt
2 6 1 53
2 6 2 after
2 5 0 geq
2 5 1 26
2 5 2 before
2 5 3 6
2 4 0 eq
2 4 1 120
2 4 2 before
2 4 3 8
2 2 0 geq
2 2 1 60
2 2 2 before
2 2 3 4
2 8 0 geq
2 8 1 67
2 8 2 within
2 8 3 11
2 8 4 10
3 1 0 geq
3 1 1 45
3 1 2 before
3 1 3 8
3 8 0 geq
3 8 1 57
3 8 2 within
3 8 3 11
3 8 4 9
3 6 0 geq
3 6 1 50
3 6 2 after
3 4 0 eq
3 4 1 75
3 4 2 before
3 4 3 5
3 5 0 gt
3 5 1 24
3 5 2 before
3 5 3 5
3 3 0 geq
3 3 1 60
3 3 2 after
3 3 3 4
4 8 0 geq
4 8 1 58
4 8 2 at
4 8 3 5
4 7 0 gt
4 7 1 17
4 7 2 at
4 7 3 8
4 6 0 gt
4 6 1 60
4 6 2 before
4 3 0 geq
4 3 1 60
4 3 2 at
4 3 3 11
4 5 0 geq
4 5 1 36
4 5 2 before
4 5 3 9
4 2 0 geq
4 2 1 60
4 2 2 before
4 2 3 10
5 5 0 geq
5 5 1 22
5 5 2 at
5 5 3 8
5 6 0 geq
5 6 1 60
5 6 2 before
5 2 0 geq
5 2 1 45
5 2 2 at
5 2 3 9
5 4 0 eq
5 4 1 120
5 4 2 within
5 4 3 4
5 4 4 5
5 7 0 gt
5 7 1 23
5 7 2 at
5 7 3 3
5 8 0 gt
5 8 1 70
5 8 2 at
5 8 3 4
6 6 0 gt
6 6 1 54
6 6 2 at
6 3 0 geq
6 3 1 45
6 3 2 after
6 3 3 1
6 1 0 geq
6 1 1 60
6 1 2 within
6 1 3 10
6 1 4 4
6 4 0 eq
6 4 1 75
6 4 2 within
6 4 3 11
6 4 4 8
6 5 0 gt
6 5 1 22
6 5 2 before
6 5 3 11
6 8 0 geq
6 8 1 75
6 8 2 after
6 8 3 5
7 2 0 geq
7 2 1 45
7 2 2 after
7 2 3 5
7 5 0 geq
7 5 1 17
7 5 2 after
7 5 3 7
7 6 0 gt
7 6 1 63
7 6 2 after
7 4 0 eq
7 4 1 75
7 4 2 within
7 4 3 4
7 4 4 10
7 1 0 geq
7 1 1 45
7 1 2 before
7 1 3 3
7 8 0 geq
7 8 1 69
7 8 2 within
7 8 3 7
7 8 4 6
8 8 0 geq
8 8 1 60
8 8 2 after
8 8 3 1
8 4 0 eq
8 4 1 75
8 4 2 before
8 4 3 4
8 2 0 geq
8 2 1 60
8 2 2 at
8 2 3 8
8 3 0 geq
8 3 1 45
8 3 2 after
8 3 3 5
8 7 0 geq
8 7 1 19
8 7 2 before
8 7 3 3
8 1 0 geq
8 1 1 60
8 1 2 at
8 1 3 5
9 7 0 gt
9 7 1 20
9 7 2 before
9 7 3 6
9 5 0 gt
9 5 1 34
9 5 2 at
9 5 3 6
9 3 0 geq
9 3 1 60
9 3 2 after
9 3 3 1
9 4 0 eq
9 4 1 150
9 4 2 within
9 4 3 8
9 4 4 10
9 8 0 gt
9 8 1 67
9 8 2 after
9 8 3 2
9 6 0 gt
9 6 1 60
9 6 2 before
10 5 0 gt
10 5 1 24
10 5 2 before
10 5 3 5
10 3 0 geq
10 3 1 45
10 3 2 before
10 3 3 5
10 2 0 geq
10 2 1 45
10 2 2 at
10 2 3 5
10 8 0 geq
10 8 1 75
10 8 2 after
10 8 3 1
10 4 0 eq
10 4 1 75
10 4 2 before
10 4 3 8
10 7 0 geq
10 7 1 17
10 7 2 after
10 7 3 5
11 6 0 geq
11 6 1 61
11 6 2 before
11 8 0 geq
11 8 1 54
11 8 2 after
11 8 3 4
11 4 0 eq
11 4 1 120
11 4 2 after
11 4 3 2
11 5 0 gt
11 5 1 27
11 5 2 after
11 5 3 3
11 2 0 geq
11 2 1 60
11 2 2 within
11 2 3 6
11 2 4 8
11 3 0 geq
11 3 1 45
11 3 2 within
11 3 3 10
11 3 4 3
12 3 0 geq
12 3 1 45
12 3 2 at
12 3 3 5
12 6 0 geq
12 6 1 58
12 6 2 before
12 7 0 geq
12 7 1 18
12 7 2 before
12 7 3 11
12 1 0 geq
12 1 1 60
12 1 2 before
12 1 3 6
12 2 0 geq
12 2 1 45
12 2 2 at
12 2 3 9
12 5 0 geq
12 5 1 38
12 5 2 after
12 5 3 5
13 2 0 geq
13 2 1 60
13 2 2 after
13 2 3 1
13 5 0 gt
13 5 1 24
13 5 2 after
13 5 3 8
13 8 0 gt
13 8 1 56
13 8 2 after
13 8 3 4
13 7 0 geq
13 7 1 21
13 7 2 within
13 7 3 9
13 7 4 8
13 4 0 eq
13 4 1 60
13 4 2 within
13 4 3 4
13 4 4 8
13 1 0 geq
13 1 1 45
13 1 2 at
13 1 3 8
14 6 0 gt
14 6 1 51
14 6 2 before
14 5 0 gt
14 5 1 15
14 5 2 after
14 5 3 6
14 3 0 geq
14 3 1 45
14 3 2 before
14 3 3 11
14 4 0 eq
14 4 1 75
14 4 2 after
14 4 3 7
14 3 0 geq
14 3 1 60
14 3 2 after
14 3 3 4
14 6 0 gt
14 6 1 57
14 6 2 at
14 4 0 eq
14 4 1 150
14 4 2 within
14 4 3 7
14 4 4 4
14 5 0 gt
14 5 1 36
14 5 2 after
14 5 3 8
14 5 0 geq
14 5 1 17
14 5 2 within
14 5 3 11
14 5 4 2
14 6 0 geq
14 6 1 60
14 6 2 after
14 4 0 eq
14 4 1 120
14 4 2 at
14 4 3 9
14 3 0 geq
14 3 1 45
14 3 2 at
14 3 3 8
14 5 0 geq
14 5 1 18
14 5 2 after
14 5 3 8
14 4 0 eq
14 4 1 150
14 4 2 within
14 4 3 10
14 4 4 9
14 6 0 gt
14 6 1 63
14 6 2 after
14 3 0 geq
14 3 1 60
14 3 2 after
14 3 3 2
14 4 0 eq
14 4 1 60
14 4 2 within
14 4 3 7
14 4 4 4
14 3 0 geq
14 3 1 60
14 3 2 after
14 3 3 1
14 5 0 geq
14 5 1 22
14 5 2 before
14 5 3 10
14 6 0 gt
14 6 1 58
14 6 2 after
14 6 0 geq
14 6 1 63
14 6 2 after
14 3 0 geq
14 3 1 45
14 3 2 within
14 3 3 6
14 3 4 7
14 5 0 geq
14 5 1 39
14 5 2 after
14 5 3 1
14 4 0 eq
14 4 1 150
14 4 2 after
14 4 3 6
14 4 0 eq
14 4 1 150
14 4 2 within
14 4 3 4
14 4 4 9
14 6 0 geq
14 6 1 50
14 6 2 before
14 3 0 geq
14 3 1 45
14 3 2 after
14 3 3 6
14 5 0 gt
14 5 1 23
14 5 2 at
14 5 3 11
14 5 0 gt
14 5 1 23
14 5 2 after
14 5 3 3
14 4 0 eq
14 4 1 75
14 4 2 within
14 4 3 4
14 4 4 3
14 3 0 geq
14 3 1 45
14 3 2 before
14 3 3 4
14 6 0 geq
14 6 1 50
14 6 2 at
14 6 0 geq
14 6 1 50
14 6 2 at
14 4 0 eq
14 4 1 150
14 4 2 within
14 4 3 8
14 4 4 4
14 3 0 geq
14 3 1 45
14 3 2 after
14 3 3 1
14 5 0 gt
14 5 1 36
14 5 2 within
14 5 3 5
14 5 4 9
14 3 0 geq
14 3 1 45
14 3 2 before
14 3 3 6
14 6 0 geq
14 6 1 57
14 6 2 at
14 4 0 eq
14 4 1 75
14 4 2 after
14 4 3 6
14 5 0 geq
14 5 1 23
14 5 2 before
14 5 3 10
14 5 0 gt
14 5 1 26
14 5 2 after
14 5 3 8
14 6 0 gt
14 6 1 59
14 6 2 before
14 4 0 eq
14 4 1 120
14 4 2 before
14 4 3 10
14 3 0 geq
14 3 1 45
14 3 2 at
14 3 3 9
14 5 0 geq
14 5 1 16
14 5 2 after
14 5 3 2
14 4 0 eq
14 4 1 75
14 4 2 before
14 4 3 6
14 3 0 geq
14 3 1 60
14 3 2 before
14 3 3 5
14 6 0 geq
14 6 1 54
14 6 2 before
14 4 0 eq
14 4 1 75
14 4 2 after
14 4 3 3
14 3 0 geq
14 3 1 60
14 3 2 after
14 3 3 8
14 5 0 gt
14 5 1 19
14 5 2 at
14 5 3 7
14 6 0 geq
14 6 1 62
14 6 2 before
1 4 0 eq
1 4 1 75
1 4 2 within
1 4 3 3
1 4 4 8
1 8 0 gt
1 8 1 74
1 8 2 within
1 8 3 10
1 8 4 5
1 2 0 geq
1 2 1 60
1 2 2 before
1 2 3 5
1 5 0 geq
1 5 1 22
1 5 2 before
1 5 3 2
1 6 0 geq
1 6 1 58
1 6 2 at
1 3 0 geq
1 3 1 60
1 3 2 within
1 3 3 4
1 3 4 7
2 7 0 geq
2 7 1 22
2 7 2 after
2 7 3 1
2 5 0 gt
2 5 1 24
2 5 2 after
2 5 3 7
2 1 0 geq
2 1 1 60
2 1 2 within
2 1 3 9
2 1 4 4
2 2 0 geq
2 2 1 60
2 2 2 after
2 2 3 3
2 8 0 gt
2 8 1 57
2 8 2 before
2 8 3 10
2 4 0 eq
2 4 1 150
2 4 2 before
2 4 3 11
3 3 0 geq
3 3 1 60
3 3 2 after
3 3 3 4
3 2 0 geq
3 2 1 60
3 2 2 at
3 2 3 9
3 4 0 eq
3 4 1 120
3 4 2 before
3 4 3 8
3 8 0 gt
3 8 1 53
3 8 2 after
3 8 3 6
3 7 0 gt
3 7 1 24
3 7 2 within
3 7 3 6
3 7 4 4
3 6 0 gt
3 6 1 52
3 6 2 at
4 3 0 geq
4 3 1 60
4 3 2 within
4 3 3 10
4 3 4 11
4 5 0 geq
4 5 1 18
4 5 2 before
4 5 3 2
4 4 0 eq
4 4 1 150
4 4 2 at
4 4 3 7
4 7 0 gt
4 7 1 20
4 7 2 after
4 7 3 7
4 8 0 geq
4 8 1 77
4 8 2 within
4 8 3 6
4 8 4 10
4 2 0 geq
4 2 1 45
4 2 2 at
4 2 3 11
5 7 0 gt
5 7 1 20
5 7 2 at
5 7 3 8
5 3 0 geq
5 3 1 60
5 3 2 before
5 3 3 5
5 8 0 geq
5 8 1 63
5 8 2 before
5 8 3 6
5 1 0 geq
5 1 1 45
5 1 2 after
5 1 3 1
5 2 0 geq
5 2 1 45
5 2 2 at
5 2 3 3
5 5 0 geq
5 5 1 21
5 5 2 after
5 5 3 2
6 8 0 geq
6 8 1 71
6 8 2 within
6 8 3 10
6 8 4 6
6 2 0 geq
6 2 1 45
6 2 2 within
6 2 3 11
6 2 4 9
6 7 0 geq
6 7 1 22
6 7 2 after
6 7 3 6
6 5 0 geq
6 5 1 24
6 5 2 at
6 5 3 10
6 1 0 geq
6 1 1 60
6 1 2 at
6 1 3 6
6 4 0 eq
6 4 1 75
6 4 2 after
6 4 3 1
7 4 0 eq
7 4 1 150
7 4 2 within
7 4 3 4
7 4 4 7
7 5 0 gt
7 5 1 17
7 5 2 at
7 5 3 8
7 3 0 geq
7 3 1 45
7 3 2 after
7 3 3 6
7 7 0 gt
7 7 1 17
7 7 2 before
7 7 3 9
7 6 0 geq
7 6 1 55
7 6 2 before
7 1 0 geq
7 1 1 45
7 1 2 within
7 1 3 11
7 1 4 3
8 8 0 gt
8 8 1 70
8 8 2 within
8 8 3 6
8 8 4 7
8 3 0 geq
8 3 1 60
8 3 2 after
8 3 3 1
8 4 0 eq
8 4 1 120
8 4 2 before
8 4 3 8
8 5 0 gt
8 5 1 29
8 5 2 at
8 5 3 7
8 6 0 geq
8 6 1 65
8 6 2 at
8 7 0 geq
8 7 1 20
8 7 2 before
8 7 3 4
9 2 0 geq
9 2 1 60
9 2 2 before
9 2 3 10
9 8 0 geq
9 8 1 67
9 8 2 within
9 8 3 8
9 8 4 11
9 3 0 geq
9 3 1 45
9 3 2 after
9 3 3 1
9 1 0 geq
9 1 1 45
9 1 2 within
9 1 3 4
9 1 4 5
9 4 0 eq
9 4 1 75
9 4 2 at
9 4 3 4
9 6 0 geq
9 6 1 52
9 6 2 at
10 6 0 gt
10 6 1 56
10 6 2 after
10 3 0 geq
10 3 1 60
10 3 2 within
10 3 3 9
10 3 4 3
10 1 0 geq
10 1 1 45
10 1 2 before
10 1 3 11
10 2 0 geq
10 2 1 60
10 2 2 after
10 2 3 6
10 8 0 geq
10 8 1 53
10 8 2 before
10 8 3 9
10 4 0 eq
10 4 1 75
10 4 2 within
10 4 3 5
10 4 4 6
11 3 0 geq
11 3 1 45
11 3 2 within
11 3 3 6
11 3 4 11
11 4 0 eq
11 4 1 75
11 4 2 at
11 4 3 9
11 6 0 geq
11 6 1 63
11 6 2 after
11 7 0 gt
11 7 1 24
11 7 2 within
11 7 3 7
11 7 4 9
11 8 0 gt
11 8 1 59
11 8 2 before
11 8 3 11
11 5 0 geq
11 5 1 31
11 5 2 after
11 5 3 2
12 4 0 eq
12 4 1 150
12 4 2 within
12 4 3 8
12 4 4 5
12 1 0 geq
12 1 1 45
12 1 2 before
12 1 3 4
12 6 0 geq
12 6 1 54
12 6 2 before
12 8 0 geq
12 8 1 80
12 8 2 within
12 8 3 11
12 8 4 10
12 3 0 geq
12 3 1 45
12 3 2 before
12 3 3 9
12 7 0 geq
12 7 1 24
12 7 2 within
12 7 3 4
12 7 4 11
13 8 0 geq
13 8 1 52
13 8 2 after
13 8 3 3
13 2 0 geq
13 2 1 45
13 2 2 after
13 2 3 8
13 1 0 geq
13 1 1 45
13 1 2 at
13 1 3 4
13 3 0 geq
13 3 1 45
13 3 2 after
13 3 3 8
13 5 0 gt
13 5 1 31
13 5 2 at
13 5 3 8
13 4 0 eq
13 4 1 60
13 4 2 after
13 4 3 7
14 4 0 eq
14 4 1 60
14 4 2 within
14 4 3 5
14 4 4 8
14 6 0 gt
14 6 1 62
14 6 2 at
14 3 0 geq
14 3 1 60
14 3 2 before
14 3 3 11
14 5 0 gt
14 5 1 36
14 5 2 at
14 5 3 9
14 4 0 eq
14 4 1 75
14 4 2 before
14 4 3 9
14 5 0 gt
14 5 1 32
14 5 2 after
14 5 3 2
14 3 0 geq
14 3 1 45
14 3 2 at
14 3 3 6
14 6 0 geq
14 6 1 63
14 6 2 at
14 5 0 geq
14 5 1 28
14 5 2 at
14 5 3 7
14 4 0 eq
14 4 1 120
14 4 2 after
14 4 3 1
14 3 0 geq
14 3 1 45
14 3 2 after
14 3 3 1
14 6 0 geq
14 6 1 63
14 6 2 at
14 3 0 geq
14 3 1 45
14 3 2 within
14 3 3 8
14 3 4 6
14 4 0 eq
14 4 1 150
14 4 2 after
14 4 3 5
14 6 0 geq
14 6 1 62
14 6 2 after
14 5 0 gt
14 5 1 32
14 5 2 at
14 5 3 5
14 4 0 eq
14 4 1 60
14 4 2 before
14 4 3 4
14 6 0 geq
14 6 1 60
14 6 2 at
14 5 0 gt
14 5 1 24
14 5 2 at
14 5 3 6
14 3 0 geq
14 3 1 60
14 3 2 before
14 3 3 8
14 5 0 gt
14 5 1 28
14 5 2 after
14 5 3 3
14 4 0 eq
14 4 1 75
14 4 2 at
14 4 3 7
14 6 0 geq
14 6 1 50
14 6 2 at
14 3 0 geq
14 3 1 45
14 3 2 within
14 3 3 4
14 3 4 10
14 4 0 eq
14 4 1 60
14 4 2 after
14 4 3 1
14 6 0 geq
14 6 1 57
14 6 2 before
14 5 0 gt
14 5 1 38
14 5 2 before
14 5 3 7
14 3 0 geq
14 3 1 45
14 3 2 before
14 3 3 4
14 4 0 eq
14 4 1 150
14 4 2 after
14 4 3 2
14 5 0 geq
14 5 1 26
14 5 2 within
14 5 3 8
14 5 4 4
14 6 0 gt
14 6 1 52
14 6 2 after
14 3 0 geq
14 3 1 45
14 3 2 within
14 3 3 11
14 3 4 6
14 3 0 geq
14 3 1 45
14 3 2 before
14 3 3 5
14 6 0 gt
14 6 1 50
14 6 2 after
14 4 0 eq
14 4 1 75
14 4 2 within
14 4 3 8
14 4 4 9
14 5 0 gt
14 5 1 32
14 5 2 within
14 5 3 8
14 5 4 9
14 5 0 gt
14 5 1 19
14 5 2 within
14 5 3 7
14 5 4 4
14 3 0 geq
14 3 1 45
14 3 2 after
14 3 3 1
14 4 0 eq
14 4 1 60
14 4 2 before
14 4 3 11
14 6 0 geq
14 6 1 50
14 6 2 at
14 6 0 gt
14 6 1 51
14 6 2 at
14 3 0 geq
14 3 1 45
14 3 2 at
14 3 3 6
14 5 0 gt
14 5 1 26
14 5 2 within
14 5 3 9
14 5 4 4
14 4 0 eq
14 4 1 150
14 4 2 at
14 4 3 4
14 4 0 eq
14 4 1 120
14 4 2 after
14 4 3 5
14 5 0 gt
14 5 1 33
14 5 2 within
14 5 3 6
14 5 4 5
14 3 0 geq
14 3 1 45
14 3 2 after
14 3 3 2
14 6 0 gt
14 6 1 61
14 6 2 after
14 5 0 geq
14 5 1 35
14 5 2 within
14 5 3 9
14 5 4 7
14 3 0 geq
14 3 1 60
14 3 2 after
14 3 3 8
14 6 0 geq
14 6 1 65
14 6 2 before
14 4 0 eq
14 4 1 120
14 4 2 within
14 4 3 8
14 4 4 7
