1 4 0 eq
1 4 1 150
1 4 2 within
1 4 3 9
1 4 4 6
1 2 0 geq
1 2 1 60
1 2 2 at
1 2 3 3
1 1 0 geq
1 1 1 60
1 1 2 at
1 1 3 4
1 6 0 geq
1 6 1 61
1 6 2 before
1 7 0 gt
1 7 1 19
1 7 2 before
1 7 3 6
1 8 0 geq
1 8 1 67
1 8 2 at
1 8 3 6
2 8 0 geq
2 8 1 80
2 8 2 after
2 8 3 6
2 7 0 gt
2 7 1 19
2 7 2 before
2 7 3 5
2 3 0 geq
2 3 1 60
2 3 2 before
2 3 3 7
2 1 0 geq
2 1 1 45
2 1 2 after
2 1 3 1
2 4 0 eq
2 4 1 75
2 4 2 before
2 4 3 5
2 2 0 geq
2 2 1 45
2 2 2 within
2 2 3 5
2 2 4 8
3 6 0 gt
3 6 1 62
3 6 2 at
3 5 0 gt
3 5 1 26
3 5 2 within
3 5 3 8
3 5 4 4
3 4 0 eq
3 4 1 75
3 4 2 within
3 4 3 6
3 4 4 10
3 3 0 geq
3 3 1 45
3 3 2 within
3 3 3 6
3 3 4 5
3 8 0 gt
3 8 1 66
3 8 2 after
3 8 3 6
3 7 0 gt
3 7 1 18
3 7 2 within
3 7 3 9
3 7 4 7
4 1 0 geq
4 1 1 45
4 1 2 at
4 1 3 11
4 3 0 geq
4 3 1 60
4 3 2 within
4 3 3 3
4 3 4 4
4 6 0 geq
4 6 1 60
4 6 2 before
4 5 0 gt
4 5 1 40
4 5 2 after
4 5 3 5
4 8 0 geq
4 8 1 55
4 8 2 within
4 8 3 4
4 8 4 8
4 4 0 eq
4 4 1 150
4 4 2 at
4 4 3 9
5 4 0 eq
5 4 1 120
5 4 2 within
5 4 3 9
5 4 4 11
5 3 0 geq
5 3 1 60
5 3 2 at
5 3 3 5
5 7 0 geq
5 7 1 20
5 7 2 before
5 7 3 3
5 8 0 geq
5 8 1 72
5 8 2 after
5 8 3 4
5 2 0 geq
5 2 1 45
5 2 2 after
5 2 3 6
5 1 0 geq
5 1 1 45
5 1 2 before
5 1 3 8
6 3 0 geq
6 3 1 60
6 3 2 at
6 3 3 9
6 8 0 geq
6 8 1 76
6 8 2 after
6 8 3 2
6 6 0 gt
6 6 1 64
6 6 2 at
6 2 0 geq
6 2 1 60
6 2 2 after
6 2 3 6
6 5 0 gt
6 5 1 31
6 5 2 after
6 5 3 4
6 4 0 eq
6 4 1 60
6 4 2 at
6 4 3 6
7 7 0 gt
7 7 1 17
7 7 2 at
7 7 3 11
7 4 0 eq
7 4 1 75
7 4 2 before
7 4 3 4
7 5 0 gt
7 5 1 20
7 5 2 after
7 5 3 2
7 8 0 geq
7 8 1 80
7 8 2 within
7 8 3 8
7 8 4 10
7 1 0 geq
7 1 1 45
7 1 2 before
7 1 3 5
7 2 0 geq
7 2 1 60
7 2 2 before
7 2 3 3
8 6 0 geq
8 6 1 54
8 6 2 before
8 1 0 geq
8 1 1 45
8 1 2 after
8 1 3 8
8 3 0 geq
8 3 1 45
8 3 2 within
8 3 3 10
8 3 4 8
8 7 0 gt
8 7 1 23
8 7 2 within
8 7 3 5
8 7 4 4
8 8 0 geq
8 8 1 54
8 8 2 within
8 8 3 5
8 8 4 10
8 5 0 geq
8 5 1 22
8 5 2 at
8 5 3 11
9 6 0 geq
9 6 1 61
9 6 2 before
9 1 0 geq
9 1 1 45
9 1 2 before
9 1 3 7
9 7 0 gt
9 7 1 24
9 7 2 at
9 7 3 5
9 8 0 gt
9 8 1 60
9 8 2 before
9 8 3 11
9 5 0 gt
9 5 1 39
9 5 2 before
9 5 3 5
9 3 0 geq
9 3 1 45
9 3 2 at
9 3 3 5
10 1 0 geq
10 1 1 60
10 1 2 after
10 1 3 9
10 7 0 gt
10 7 1 17
10 7 2 after
10 7 3 7
10 4 0 eq
10 4 1 75
10 4 2 after
10 4 3 8
10 8 0 geq
10 8 1 66
10 8 2 before
10 8 3 10
10 3 0 geq
10 3 1 45
10 3 2 within
10 3 3 11
10 3 4 7
10 6 0 geq
10 6 1 56
10 6 2 before
11 4 0 eq
11 4 1 60
11 4 2 at
11 4 3 10
11 7 0 geq
11 7 1 24
11 7 2 before
11 7 3 8
11 6 0 gt
11 6 1 64
11 6 2 before
11 1 0 geq
11 1 1 45
11 1 2 before
11 1 3 4
11 2 0 geq
11 2 1 60
11 2 2 before
11 2 3 8
11 8 0 geq
11 8 1 52
11 8 2 at
11 8 3 10
12 1 0 geq
12 1 1 60
12 1 2 before
12 1 3 4
12 4 0 eq
12 4 1 120
12 4 2 after
12 4 3 5
12 5 0 geq
12 5 1 17
12 5 2 at
12 5 3 7
12 8 0 gt
12 8 1 67
12 8 2 at
12 8 3 11
12 6 0 gt
12 6 1 57
12 6 2 at
12 2 0 geq
12 2 1 45
12 2 2 within
12 2 3 4
12 2 4 6
13 7 0 gt
13 7 1 19
13 7 2 within
13 7 3 7
13 7 4 9
13 5 0 gt
13 5 1 40
13 5 2 after
13 5 3 1
13 2 0 geq
13 2 1 45
13 2 2 at
13 2 3 6
13 3 0 geq
13 3 1 60
13 3 2 within
13 3 3 3
13 3 4 5
13 8 0 gt
13 8 1 77
13 8 2 within
13 8 3 7
13 8 4 9
13 6 0 gt
13 6 1 52
13 6 2 before
14 7 0 geq
14 7 1 24
14 7 2 before
14 7 3 10
14 8 0 gt
14 8 1 61
14 8 2 within
14 8 3 11
14 8 4 8
14 4 0 eq
14 4 1 120
14 4 2 after
14 4 3 6
14 6 0 geq
14 6 1 58
14 6 2 before
14 3 0 geq
14 3 1 45
14 3 2 at
14 3 3 10
14 2 0 geq
14 2 1 60
14 2 2 within
14 2 3 6
14 2 4 8
15 7 0 gt
15 7 1 17
15 7 2 at
15 7 3 11
15 6 0 gt
15 6 1 54
15 6 2 before
15 5 0 gt
15 5 1 28
15 5 2 after
15 5 3 1
15 2 0 geq
15 2 1 45
15 2 2 before
15 2 3 4
15 1 0 geq
15 1 1 60
15 1 2 after
15 1 3 9
15 8 0 geq
15 8 1 77
15 8 2 before
15 8 3 10
16 6 0 geq
16 6 1 56
16 6 2 after
16 2 0 geq
16 2 1 60
16 2 2 before
16 2 3 7
16 8 0 geq
16 8 1 80
16 8 2 before
16 8 3 11
16 7 0 gt
16 7 1 21
16 7 2 at
16 7 3 10
16 3 0 geq
16 3 1 60
16 3 2 at
16 3 3 3
16 4 0 eq
16 4 1 75
16 4 2 before
16 4 3 8
17 2 0 geq
17 2 1 60
17 2 2 at
17 2 3 5
17 8 0 geq
17 8 1 62
17 8 2 within
17 8 3 9
17 8 4 10
17 4 0 eq
17 4 1 150
17 4 2 at
17 4 3 6
17 5 0 gt
17 5 1 21
17 5 2 after
17 5 3 8
17 7 0 geq
17 7 1 23
17 7 2 before
17 7 3 4
17 6 0 geq
17 6 1 57
17 6 2 before
18 6 0 geq
18 6 1 62
18 6 2 before
18 1 0 geq
18 1 1 60
18 1 2 at
18 1 3 11
18 3 0 geq
18 3 1 45
18 3 2 within
18 3 3 10
18 3 4 5
18 2 0 geq
18 2 1 45
18 2 2 before
18 2 3 4
18 8 0 gt
18 8 1 61
18 8 2 within
18 8 3 9
18 8 4 8
18 4 0 eq
18 4 1 60
18 4 2 within
18 4 3 9
18 4 4 10
19 4 0 eq
19 4 1 150
19 4 2 before
19 4 3 6
19 6 0 geq
19 6 1 58
19 6 2 after
19 5 0 geq
19 5 1 38
19 5 2 before
19 5 3 4
19 3 0 geq
19 3 1 60
19 3 2 within
19 3 3 6
19 3 4 9
19 7 0 geq
19 7 1 18
19 7 2 within
19 7 3 11
19 7 4 10
19 1 0 geq
19 1 1 60
19 1 2 at
19 1 3 11
20 7 0 gt
20 7 1 17
20 7 2 within
20 7 3 8
20 7 4 6
20 2 0 geq
20 2 1 45
20 2 2 at
20 2 3 3
20 8 0 geq
20 8 1 50
20 8 2 within
20 8 3 9
20 8 4 11
20 3 0 geq
20 3 1 60
20 3 2 within
20 3 3 10
20 3 4 5
20 1 0 geq
20 1 1 60
20 1 2 within
20 1 3 6
20 1 4 10
20 6 0 geq
20 6 1 58
20 6 2 at
21 3 0 geq
21 3 1 60
21 3 2 before
21 3 3 4
21 1 0 geq
21 1 1 60
21 1 2 before
21 1 3 7
21 2 0 geq
21 2 1 45
21 2 2 after
21 2 3 1
21 5 0 gt
21 5 1 18
21 5 2 before
21 5 3 10
21 8 0 geq
21 8 1 55
21 8 2 after
21 8 3 7
21 6 0 geq
21 6 1 52
21 6 2 after
22 8 0 gt
22 8 1 60
22 8 2 before
22 8 3 11
22 1 0 geq
22 1 1 60
22 1 2 before
22 1 3 11
22 7 0 geq
22 7 1 24
22 7 2 within
22 7 3 3
22 7 4 10
22 4 0 eq
22 4 1 120
22 4 2 after
22 4 3 1
22 6 0 geq
22 6 1 60
22 6 2 after
22 2 0 geq
22 2 1 45
22 2 2 before
22 2 3 8
23 3 0 geq
23 3 1 60
23 3 2 at
23 3 3 6
23 8 0 gt
23 8 1 71
23 8 2 before
23 8 3 11
23 6 0 gt
23 6 1 62
23 6 2 before
23 2 0 geq
23 2 1 45
23 2 2 before
23 2 3 11
23 7 0 gt
23 7 1 23
23 7 2 after
23 7 3 3
23 1 0 geq
23 1 1 45
23 1 2 within
23 1 3 8
23 1 4 11
24 4 0 eq
24 4 1 60
24 4 2 at
24 4 3 9
24 2 0 geq
24 2 1 45
24 2 2 at
24 2 3 7
24 5 0 gt
24 5 1 15
24 5 2 after
24 5 3 2
24 8 0 gt
24 8 1 66
24 8 2 within
24 8 3 6
24 8 4 10
24 3 0 geq
24 3 1 60
24 3 2 after
24 3 3 7
24 1 0 geq
24 1 1 60
24 1 2 at
24 1 3 9
25 4 0 eq
25 4 1 120
25 4 2 before
25 4 3 7
25 6 0 gt
25 6 1 53
25 6 2 before
25 7 0 geq
25 7 1 17
25 7 2 before
25 7 3 8
25 5 0 gt
25 5 1 32
25 5 2 before
25 5 3 7
25 1 0 geq
25 1 1 60
25 1 2 within
25 1 3 11
25 1 4 8
25 2 0 geq
25 2 1 60
25 2 2 at
25 2 3 3
26 1 0 geq
26 1 1 60
26 1 2 within
26 1 3 8
26 1 4 11
26 5 0 geq
26 5 1 21
26 5 2 within
26 5 3 7
26 5 4 4
26 2 0 geq
26 2 1 45
26 2 2 within
26 2 3 11
26 2 4 10
26 4 0 eq
26 4 1 60
26 4 2 after
26 4 3 2
26 8 0 gt
26 8 1 65
26 8 2 at
26 8 3 9
26 3 0 geq
26 3 1 60
26 3 2 before
26 3 3 8
27 7 0 gt
27 7 1 24
27 7 2 before
27 7 3 3
27 5 0 geq
27 5 1 22
27 5 2 within
27 5 3 6
27 5 4 2
27 3 0 geq
27 3 1 60
27 3 2 at
27 3 3 3
27 4 0 eq
27 4 1 60
27 4 2 before
27 4 3 9
27 1 0 geq
27 1 1 45
27 1 2 after
27 1 3 9
27 2 0 geq
27 2 1 60
27 2 2 within
27 2 3 11
27 2 4 9
28 1 0 geq
28 1 1 45
28 1 2 after
28 1 3 6
28 2 0 geq
28 2 1 60
28 2 2 before
28 2 3 11
28 3 0 geq
28 3 1 60
28 3 2 after
28 3 3 3
28 6 0 geq
28 6 1 62
28 6 2 at
28 8 0 gt
28 8 1 70
28 8 2 before
28 8 3 11
28 4 0 eq
28 4 1 120
28 4 2 at
28 4 3 4
29 6 0 gt
29 6 1 62
29 6 2 before
29 8 0 geq
29 8 1 58
29 8 2 before
29 8 3 11
29 4 0 eq
29 4 1 120
29 4 2 before
29 4 3 10
29 1 0 geq
29 1 1 60
29 1 2 before
29 1 3 9
29 5 0 gt
29 5 1 28
29 5 2 within
29 5 3 4
29 5 4 10
29 7 0 geq
29 7 1 21
29 7 2 at
29 7 3 8
30 8 0 gt
30 8 1 76
30 8 2 within
30 8 3 10
30 8 4 11
30 2 0 geq
30 2 1 60
30 2 2 at
30 2 3 11
30 5 0 gt
30 5 1 29
30 5 2 within
30 5 3 4
30 5 4 9
30 3 0 geq
30 3 1 45
30 3 2 after
30 3 3 3
30 1 0 geq
30 1 1 45
30 1 2 after
30 1 3 1
30 4 0 eq
30 4 1 60
30 4 2 at
30 4 3 7
31 6 0 geq
31 6 1 52
31 6 2 at
31 3 0 geq
31 3 1 60
31 3 2 within
31 3 3 6
31 3 4 7
31 4 0 eq
31 4 1 150
31 4 2 within
31 4 3 9
31 4 4 4
31 8 0 gt
31 8 1 50
31 8 2 at
31 8 3 9
31 5 0 gt
31 5 1 15
31 5 2 after
31 5 3 4
31 2 0 geq
31 2 1 60
31 2 2 after
31 2 3 2
32 1 0 geq
32 1 1 60
32 1 2 at
32 1 3 10
32 6 0 geq
32 6 1 63
32 6 2 at
32 3 0 geq
32 3 1 45
32 3 2 within
32 3 3 10
32 3 4 4
32 4 0 eq
32 4 1 150
32 4 2 before
32 4 3 10
32 8 0 gt
32 8 1 63
32 8 2 before
32 8 3 11
32 2 0 geq
32 2 1 60
32 2 2 at
32 2 3 8
33 5 0 gt
33 5 1 25
33 5 2 within
33 5 3 3
33 5 4 8
33 6 0 geq
33 6 1 59
33 6 2 before
33 3 0 geq
33 3 1 60
33 3 2 after
33 3 3 8
33 7 0 geq
33 7 1 21
33 7 2 before
33 7 3 6
33 8 0 geq
33 8 1 57
33 8 2 at
33 8 3 11
33 4 0 eq
33 4 1 75
33 4 2 at
33 4 3 10
34 6 0 geq
34 6 1 62
34 6 2 before
34 8 0 geq
34 8 1 64
34 8 2 within
34 8 3 9
34 8 4 11
34 4 0 eq
34 4 1 60
34 4 2 after
34 4 3 1
34 3 0 geq
34 3 1 45
34 3 2 before
34 3 3 4
34 7 0 geq
34 7 1 23
34 7 2 at
34 7 3 11
34 5 0 gt
34 5 1 17
34 5 2 after
34 5 3 9
35 8 0 geq
35 8 1 52
35 8 2 after
35 8 3 1
35 7 0 gt
35 7 1 17
35 7 2 after
35 7 3 3
35 3 0 geq
35 3 1 60
35 3 2 within
35 3 3 6
35 3 4 5
35 2 0 geq
35 2 1 45
35 2 2 after
35 2 3 4
35 4 0 eq
35 4 1 60
35 4 2 within
35 4 3 7
35 4 4 9
35 5 0 gt
35 5 1 18
35 5 2 after
35 5 3 10
36 7 0 geq
36 7 1 22
36 7 2 after
36 7 3 9
36 4 0 eq
36 4 1 60
36 4 2 before
36 4 3 6
36 8 0 gt
36 8 1 58
36 8 2 within
36 8 3 10
36 8 4 9
36 3 0 geq
36 3 1 45
36 3 2 before
36 3 3 7
36 6 0 geq
36 6 1 57
36 6 2 before
36 2 0 geq
36 2 1 60
36 2 2 after
36 2 3 1
37 7 0 geq
37 7 1 21
37 7 2 before
37 7 3 4
37 4 0 eq
37 4 1 120
37 4 2 within
37 4 3 10
37 4 4 7
37 3 0 geq
37 3 1 60
37 3 2 before
37 3 3 4
37 2 0 geq
37 2 1 45
37 2 2 after
37 2 3 9
37 5 0 geq
37 5 1 20
37 5 2 at
37 5 3 7
37 8 0 gt
37 8 1 63
37 8 2 within
37 8 3 11
37 8 4 10
38 3 0 geq
38 3 1 45
38 3 2 before
38 3 3 4
38 5 0 gt
38 5 1 28
38 5 2 within
38 5 3 8
38 5 4 5
38 4 0 eq
38 4 1 75
38 4 2 at
38 4 3 10
38 6 0 gt
38 6 1 62
38 6 2 before
38 5 0 gt
38 5 1 26
38 5 2 before
38 5 3 7
38 6 0 geq
38 6 1 63
38 6 2 at
38 3 0 geq
38 3 1 60
38 3 2 at
38 3 3 8
38 4 0 eq
38 4 1 120
38 4 2 within
38 4 3 9
38 4 4 7
38 5 0 gt
38 5 1 32
38 5 2 after
38 5 3 1
38 3 0 geq
38 3 1 60
38 3 2 within
38 3 3 10
38 3 4 6
38 4 0 eq
38 4 1 60
38 4 2 within
38 4 3 8
38 4 4 5
38 6 0 gt
38 6 1 60
38 6 2 at
38 5 0 geq
38 5 1 15
38 5 2 within
38 5 3 8
38 5 4 6
38 6 0 geq
38 6 1 54
38 6 2 before
38 3 0 geq
38 3 1 45
38 3 2 at
38 3 3 3
38 4 0 eq
38 4 1 75
38 4 2 within
38 4 3 4
38 4 4 9
38 4 0 eq
38 4 1 120
38 4 2 before
38 4 3 9
38 6 0 geq
38 6 1 56
38 6 2 after
38 5 0 geq
38 5 1 23
38 5 2 at
38 5 3 11
38 3 0 geq
38 3 1 60
38 3 2 at
38 3 3 10
38 3 0 geq
38 3 1 60
38 3 2 before
38 3 3 5
38 5 0 geq
38 5 1 36
38 5 2 after
38 5 3 1
38 4 0 eq
38 4 1 150
38 4 2 within
38 4 3 8
38 4 4 7
38 6 0 geq
38 6 1 60
38 6 2 after
38 6 0 gt
38 6 1 57
38 6 2 after
38 4 0 eq
38 4 1 150
38 4 2 after
38 4 3 2
38 5 0 gt
38 5 1 16
38 5 2 at
38 5 3 7
38 3 0 geq
38 3 1 60
38 3 2 after
38 3 3 4
38 5 0 geq
38 5 1 28
38 5 2 within
38 5 3 10
38 5 4 8
38 3 0 geq
38 3 1 45
38 3 2 within
38 3 3 4
38 3 4 10
38 6 0 geq
38 6 1 55
38 6 2 at
38 4 0 eq
38 4 1 120
38 4 2 before
38 4 3 7
38 3 0 geq
38 3 1 60
38 3 2 before
38 3 3 3
38 6 0 geq
38 6 1 53
38 6 2 before
38 5 0 gt
38 5 1 35
38 5 2 after
38 5 3 2
38 4 0 eq
38 4 1 150
38 4 2 after
38 4 3 6
38 3 0 geq
38 3 1 45
38 3 2 after
38 3 3 3
38 5 0 geq
38 5 1 19
38 5 2 within
38 5 3 9
38 5 4 8
38 4 0 eq
38 4 1 150
38 4 2 before
38 4 3 7
38 6 0 geq
38 6 1 64
38 6 2 after
38 6 0 geq
38 6 1 62
38 6 2 at
38 5 0 geq
38 5 1 25
38 5 2 at
38 5 3 5
38 3 0 geq
38 3 1 45
38 3 2 before
38 3 3 10
38 4 0 eq
38 4 1 60
38 4 2 at
38 4 3 10
38 3 0 geq
38 3 1 60
38 3 2 within
38 3 3 4
38 3 4 9
38 5 0 gt
38 5 1 33
38 5 2 at
38 5 3 11
38 4 0 eq
38 4 1 75
38 4 2 within
38 4 3 5
38 4 4 3
38 6 0 geq
38 6 1 60
38 6 2 before
38 6 0 gt
38 6 1 54
38 6 2 after
38 4 0 eq
38 4 1 120
38 4 2 before
38 4 3 8
38 5 0 gt
38 5 1 32
38 5 2 after
38 5 3 7
38 3 0 geq
38 3 1 60
38 3 2 at
38 3 3 11
38 6 0 geq
38 6 1 61
38 6 2 at
38 3 0 geq
38 3 1 60
38 3 2 after
38 3 3 5
38 4 0 eq
38 4 1 60
38 4 2 after
38 4 3 1
38 5 0 geq
38 5 1 20
38 5 2 within
38 5 3 10
38 5 4 11
38 3 0 geq
38 3 1 45
38 3 2 before
38 3 3 6
38 5 0 geq
38 5 1 17
38 5 2 before
38 5 3 9
38 4 0 eq
38 4 1 60
38 4 2 within
38 4 3 5
38 4 4 6
38 6 0 gt
38 6 1 55
38 6 2 after
38 5 0 geq
38 5 1 28
38 5 2 at
38 5 3 10
38 4 0 eq
38 4 1 120
38 4 2 before
38 4 3 9
38 3 0 geq
38 3 1 60
38 3 2 within
38 3 3 8
38 3 4 3
38 6 0 geq
38 6 1 61
38 6 2 after
38 4 0 eq
38 4 1 60
38 4 2 at
38 4 3 4
38 6 0 geq
38 6 1 63
38 6 2 after
38 3 0 geq
38 3 1 60
38 3 2 within
38 3 3 3
38 3 4 10
38 5 0 geq
38 5 1 26
38 5 2 after
38 5 3 1
38 5 0 gt
38 5 1 31
38 5 2 at
38 5 3 4
38 4 0 eq
38 4 1 120
38 4 2 at
38 4 3 8
38 3 0 geq
38 3 1 60
38 3 2 at
38 3 3 10
38 6 0 gt
38 6 1 59
38 6 2 at
38 5 0 gt
38 5 1 39
38 5 2 after
38 5 3 8
38 4 0 eq
38 4 1 75
38 4 2 at
38 4 3 11
38 6 0 gt
38 6 1 65
38 6 2 after
38 3 0 geq
38 3 1 45
38 3 2 within
38 3 3 11
38 3 4 8
38 4 0 eq
38 4 1 120
38 4 2 at
38 4 3 5
38 6 0 gt
38 6 1 51
38 6 2 after
38 5 0 gt
38 5 1 15
38 5 2 at
38 5 3 10
38 3 0 geq
38 3 1 45
38 3 2 at
38 3 3 8
38 3 0 geq
38 3 1 45
38 3 2 at
38 3 3 9
38 5 0 geq
38 5 1 34
38 5 2 after
38 5 3 5
38 4 0 eq
38 4 1 75
38 4 2 after
38 4 3 7
38 6 0 gt
38 6 1 57
38 6 2 before
38 5 0 geq
38 5 1 27
38 5 2 after
38 5 3 9
38 4 0 eq
38 4 1 150
38 4 2 at
38 4 3 4
38 6 0 geq
38 6 1 62
38 6 2 before
38 3 0 geq
38 3 1 60
38 3 2 within
38 3 3 5
38 3 4 3
38 6 0 gt
38 6 1 56
38 6 2 at
38 4 0 eq
38 4 1 120
38 4 2 before
38 4 3 7
38 3 0 geq
38 3 1 60
38 3 2 after
38 3 3 7
38 5 0 gt
38 5 1 39
38 5 2 before
38 5 3 4
38 5 0 gt
38 5 1 17
38 5 2 before
38 5 3 2
38 6 0 gt
38 6 1 52
38 6 2 before
38 4 0 eq
38 4 1 75
38 4 2 within
38 4 3 5
38 4 4 10
38 3 0 geq
38 3 1 45
38 3 2 within
38 3 3 3
38 3 4 11
38 3 0 geq
38 3 1 60
38 3 2 before
38 3 3 9
38 6 0 gt
38 6 1 59
38 6 2 before
38 5 0 geq
38 5 1 28
38 5 2 before
38 5 3 10
38 4 0 eq
38 4 1 60
38 4 2 at
38 4 3 10
38 3 0 geq
38 3 1 60
38 3 2 within
38 3 3 10
38 3 4 8
38 5 0 gt
38 5 1 17
38 5 2 before
38 5 3 8
38 4 0 eq
38 4 1 75
38 4 2 before
38 4 3 6
38 6 0 gt
38 6 1 50
38 6 2 at
38 3 0 geq
38 3 1 60
38 3 2 before
38 3 3 6
38 5 0 geq
38 5 1 37
38 5 2 before
38 5 3 11
38 6 0 gt
38 6 1 59
38 6 2 at
38 4 0 eq
38 4 1 75
38 4 2 before
38 4 3 3
38 3 0 geq
38 3 1 60
38 3 2 at
38 3 3 8
38 6 0 gt
38 6 1 53
38 6 2 before
38 4 0 eq
38 4 1 120
38 4 2 within
38 4 3 6
38 4 4 11
38 5 0 gt
38 5 1 30
38 5 2 within
38 5 3 7
38 5 4 9
38 5 0 gt
38 5 1 31
38 5 2 within
38 5 3 11
38 5 4 9
38 3 0 geq
38 3 1 45
38 3 2 at
38 3 3 10
38 6 0 gt
38 6 1 59
38 6 2 at
38 4 0 eq
38 4 1 120
38 4 2 before
38 4 3 4
38 5 0 geq
38 5 1 17
38 5 2 after
38 5 3 3
38 6 0 geq
38 6 1 62
38 6 2 before
38 3 0 geq
38 3 1 45
38 3 2 after
38 3 3 1
38 4 0 eq
38 4 1 120
38 4 2 before
38 4 3 6
38 4 0 eq
38 4 1 150
38 4 2 after
38 4 3 4
38 5 0 gt
38 5 1 35
38 5 2 within
38 5 3 10
38 5 4 9
38 6 0 gt
38 6 1 54
38 6 2 before
38 3 0 geq
38 3 1 45
38 3 2 within
38 3 3 10
38 3 4 4
38 4 0 eq
38 4 1 75
38 4 2 at
38 4 3 5
38 6 0 gt
38 6 1 54
38 6 2 after
38 3 0 geq
38 3 1 45
38 3 2 at
38 3 3 10
38 5 0 gt
38 5 1 29
38 5 2 at
38 5 3 6
38 3 0 geq
38 3 1 45
38 3 2 before
38 3 3 7
38 6 0 geq
38 6 1 64
38 6 2 before
38 4 0 eq
38 4 1 150
38 4 2 after
38 4 3 1
38 5 0 gt
38 5 1 36
38 5 2 within
38 5 3 9
38 5 4 11
38 4 0 eq
38 4 1 120
38 4 2 before
38 4 3 5
38 3 0 geq
38 3 1 45
38 3 2 before
38 3 3 11
38 5 0 geq
38 5 1 21
38 5 2 within
38 5 3 4
38 5 4 8
38 6 0 gt
38 6 1 52
38 6 2 before
38 3 0 geq
38 3 1 45
38 3 2 within
38 3 3 9
38 3 4 5
38 6 0 geq
38 6 1 55
38 6 2 before
38 4 0 eq
38 4 1 150
38 4 2 within
38 4 3 8
38 4 4 5
38 5 0 gt
38 5 1 38
38 5 2 after
38 5 3 3
38 3 0 geq
38 3 1 45
38 3 2 after
38 3 3 9
38 6 0 gt
38 6 1 52
38 6 2 before
38 4 0 eq
38 4 1 60
38 4 2 at
38 4 3 4
38 5 0 geq
38 5 1 33
38 5 2 after
38 5 3 5
38 4 0 eq
38 4 1 75
38 4 2 before
38 4 3 6
38 6 0 geq
38 6 1 55
38 6 2 before
38 5 0 geq
38 5 1 35
38 5 2 after
38 5 3 4
38 3 0 geq
38 3 1 45
38 3 2 before
38 3 3 6
1 2 0 geq
1 2 1 60
1 2 2 before
1 2 3 5
1 4 0 eq
1 4 1 60
1 4 2 within
1 4 3 9
1 4 4 6
1 7 0 geq
1 7 1 20
1 7 2 within
1 7 3 11
1 7 4 8
1 5 0 geq
1 5 1 33
1 5 2 within
1 5 3 10
1 5 4 9
1 1 0 geq
1 1 1 60
1 1 2 after
1 1 3 1
1 8 0 gt
1 8 1 56
1 8 2 within
1 8 3 9
1 8 4 4
2 8 0 gt
2 8 1 78
2 8 2 before
2 8 3 10
2 5 0 geq
2 5 1 19
2 5 2 within
2 5 3 4
2 5 4 3
2 1 0 geq
2 1 1 45
2 1 2 at
2 1 3 10
2 2 0 geq
2 2 1 45
2 2 2 at
2 2 3 11
2 7 0 gt
2 7 1 18
2 7 2 after
2 7 3 3
2 4 0 eq
2 4 1 120
2 4 2 within
2 4 3 6
2 4 4 9
3 1 0 geq
3 1 1 45
3 1 2 within
3 1 3 3
3 1 4 10
3 8 0 geq
3 8 1 73
3 8 2 before
3 8 3 10
3 7 0 geq
3 7 1 17
3 7 2 within
3 7 3 10
3 7 4 9
3 5 0 gt
3 5 1 26
3 5 2 before
3 5 3 5
3 3 0 geq
3 3 1 45
3 3 2 at
3 3 3 10
3 6 0 gt
3 6 1 65
3 6 2 at
4 8 0 gt
4 8 1 73
4 8 2 at
4 8 3 7
4 5 0 geq
4 5 1 21
4 5 2 before
4 5 3 3
4 1 0 geq
4 1 1 45
4 1 2 after
4 1 3 3
4 6 0 geq
4 6 1 62
4 6 2 after
4 3 0 geq
4 3 1 45
4 3 2 at
4 3 3 11
4 7 0 geq
4 7 1 23
4 7 2 at
4 7 3 9
5 3 0 geq
5 3 1 45
5 3 2 within
5 3 3 7
5 3 4 5
5 7 0 gt
5 7 1 18
5 7 2 at
5 7 3 9
5 6 0 gt
5 6 1 62
5 6 2 after
5 8 0 gt
5 8 1 51
5 8 2 before
5 8 3 11
5 5 0 geq
5 5 1 24
5 5 2 before
5 5 3 5
5 1 0 geq
5 1 1 45
5 1 2 after
5 1 3 6
6 3 0 geq
6 3 1 60
6 3 2 before
6 3 3 8
6 6 0 gt
6 6 1 56
6 6 2 after
6 2 0 geq
6 2 1 45
6 2 2 within
6 2 3 11
6 2 4 9
6 1 0 geq
6 1 1 45
6 1 2 at
6 1 3 9
6 4 0 eq
6 4 1 60
6 4 2 at
6 4 3 7
6 8 0 gt
6 8 1 59
6 8 2 at
6 8 3 5
7 3 0 geq
7 3 1 45
7 3 2 at
7 3 3 4
7 7 0 gt
7 7 1 17
7 7 2 after
7 7 3 4
7 5 0 gt
7 5 1 31
7 5 2 within
7 5 3 8
7 5 4 9
7 2 0 geq
7 2 1 60
7 2 2 within
7 2 3 4
7 2 4 7
7 6 0 geq
7 6 1 51
7 6 2 after
7 1 0 geq
7 1 1 45
7 1 2 within
7 1 3 3
7 1 4 5
8 4 0 eq
8 4 1 75
8 4 2 before
8 4 3 8
8 5 0 geq
8 5 1 15
8 5 2 within
8 5 3 7
8 5 4 8
8 3 0 geq
8 3 1 60
8 3 2 at
8 3 3 5
8 2 0 geq
8 2 1 60
8 2 2 before
8 2 3 10
8 6 0 gt
8 6 1 64
8 6 2 after
8 8 0 geq
8 8 1 70
8 8 2 within
8 8 3 11
8 8 4 10
9 3 0 geq
9 3 1 45
9 3 2 before
9 3 3 10
9 2 0 geq
9 2 1 45
9 2 2 within
9 2 3 11
9 2 4 4
9 5 0 gt
9 5 1 25
9 5 2 within
9 5 3 4
9 5 4 9
9 8 0 gt
9 8 1 62
9 8 2 at
9 8 3 4
9 7 0 geq
9 7 1 19
9 7 2 at
9 7 3 7
9 1 0 geq
9 1 1 45
9 1 2 before
9 1 3 5
10 6 0 geq
10 6 1 60
10 6 2 before
10 5 0 geq
10 5 1 38
10 5 2 within
10 5 3 8
10 5 4 5
10 7 0 geq
10 7 1 20
10 7 2 at
10 7 3 6
10 4 0 eq
10 4 1 120
10 4 2 before
10 4 3 9
10 8 0 gt
10 8 1 75
10 8 2 at
10 8 3 11
10 1 0 geq
10 1 1 45
10 1 2 within
10 1 3 7
10 1 4 9
11 8 0 geq
11 8 1 76
11 8 2 after
11 8 3 4
11 6 0 gt
11 6 1 62
11 6 2 at
11 4 0 eq
11 4 1 60
11 4 2 at
11 4 3 6
11 5 0 geq
11 5 1 19
11 5 2 within
11 5 3 2
11 5 4 6
11 1 0 geq
11 1 1 45
11 1 2 at
11 1 3 3
11 7 0 gt
11 7 1 17
11 7 2 before
11 7 3 9
12 1 0 geq
12 1 1 45
12 1 2 at
12 1 3 4
12 2 0 geq
12 2 1 45
12 2 2 within
12 2 3 8
12 2 4 4
12 4 0 eq
12 4 1 60
12 4 2 at
12 4 3 6
12 5 0 geq
12 5 1 40
12 5 2 before
12 5 3 11
12 7 0 gt
12 7 1 24
12 7 2 after
12 7 3 8
12 3 0 geq
12 3 1 60
12 3 2 within
12 3 3 10
12 3 4 3
13 7 0 gt
13 7 1 19
13 7 2 before
13 7 3 10
13 5 0 geq
13 5 1 31
13 5 2 at
13 5 3 8
13 3 0 geq
13 3 1 60
13 3 2 before
13 3 3 9
13 2 0 geq
13 2 1 45
13 2 2 at
13 2 3 6
13 6 0 geq
13 6 1 63
13 6 2 at
13 4 0 eq
13 4 1 60
13 4 2 at
13 4 3 8
14 6 0 geq
14 6 1 52
14 6 2 before
14 5 0 gt
14 5 1 30
14 5 2 after
14 5 3 4
14 7 0 geq
14 7 1 23
14 7 2 at
14 7 3 6
14 1 0 geq
14 1 1 45
14 1 2 after
14 1 3 8
14 8 0 gt
14 8 1 68
14 8 2 at
14 8 3 10
14 2 0 geq
14 2 1 45
14 2 2 within
14 2 3 8
14 2 4 10
15 3 0 geq
15 3 1 45
15 3 2 within
15 3 3 11
15 3 4 8
15 6 0 gt
15 6 1 51
15 6 2 at
15 7 0 geq
15 7 1 20
15 7 2 at
15 7 3 7
15 8 0 geq
15 8 1 64
15 8 2 within
15 8 3 9
15 8 4 7
15 4 0 eq
15 4 1 60
15 4 2 within
15 4 3 9
15 4 4 5
15 5 0 geq
15 5 1 17
15 5 2 within
15 5 3 8
15 5 4 7
16 2 0 geq
16 2 1 45
16 2 2 at
16 2 3 9
16 4 0 eq
16 4 1 60
16 4 2 before
16 4 3 9
16 8 0 geq
16 8 1 79
16 8 2 before
16 8 3 9
16 1 0 geq
16 1 1 60
16 1 2 at
16 1 3 6
16 7 0 geq
16 7 1 19
16 7 2 at
16 7 3 3
16 6 0 gt
16 6 1 56
16 6 2 before
17 4 0 eq
17 4 1 60
17 4 2 within
17 4 3 5
17 4 4 4
17 1 0 geq
17 1 1 45
17 1 2 within
17 1 3 9
17 1 4 8
17 3 0 geq
17 3 1 60
17 3 2 at
17 3 3 5
17 2 0 geq
17 2 1 60
17 2 2 after
17 2 3 9
17 8 0 geq
17 8 1 69
17 8 2 before
17 8 3 6
17 6 0 geq
17 6 1 62
17 6 2 at
18 3 0 geq
18 3 1 45
18 3 2 before
18 3 3 10
18 1 0 geq
18 1 1 60
18 1 2 before
18 1 3 7
18 4 0 eq
18 4 1 75
18 4 2 after
18 4 3 3
18 7 0 gt
18 7 1 17
18 7 2 before
18 7 3 3
18 8 0 geq
18 8 1 80
18 8 2 at
18 8 3 7
18 2 0 geq
18 2 1 60
18 2 2 before
18 2 3 6
19 7 0 geq
19 7 1 17
19 7 2 before
19 7 3 6
19 6 0 gt
19 6 1 56
19 6 2 after
19 3 0 geq
19 3 1 45
19 3 2 within
19 3 3 10
19 3 4 8
19 2 0 geq
19 2 1 45
19 2 2 after
19 2 3 3
19 5 0 gt
19 5 1 40
19 5 2 before
19 5 3 6
19 4 0 eq
19 4 1 120
19 4 2 before
19 4 3 7
20 1 0 geq
20 1 1 60
20 1 2 within
20 1 3 7
20 1 4 3
20 6 0 gt
20 6 1 53
20 6 2 after
20 8 0 geq
20 8 1 80
20 8 2 after
20 8 3 4
20 4 0 eq
20 4 1 75
20 4 2 after
20 4 3 6
20 2 0 geq
20 2 1 45
20 2 2 at
20 2 3 10
20 5 0 gt
20 5 1 29
20 5 2 after
20 5 3 3
21 1 0 geq
21 1 1 45
21 1 2 at
21 1 3 3
21 4 0 eq
21 4 1 150
21 4 2 before
21 4 3 6
21 8 0 geq
21 8 1 52
21 8 2 at
21 8 3 6
21 2 0 geq
21 2 1 60
21 2 2 after
21 2 3 8
21 6 0 geq
21 6 1 58
21 6 2 before
21 7 0 gt
21 7 1 23
21 7 2 within
21 7 3 5
21 7 4 4
22 5 0 geq
22 5 1 38
22 5 2 after
22 5 3 3
22 6 0 gt
22 6 1 51
22 6 2 after
22 7 0 geq
22 7 1 20
22 7 2 before
22 7 3 4
22 4 0 eq
22 4 1 60
22 4 2 at
22 4 3 6
22 3 0 geq
22 3 1 45
22 3 2 after
22 3 3 9
22 2 0 geq
22 2 1 60
22 2 2 within
22 2 3 8
22 2 4 10
23 3 0 geq
23 3 1 45
23 3 2 within
23 3 3 4
23 3 4 8
23 1 0 geq
23 1 1 45
23 1 2 after
23 1 3 1
23 4 0 eq
23 4 1 120
23 4 2 within
23 4 3 8
23 4 4 7
23 2 0 geq
23 2 1 45
23 2 2 at
23 2 3 3
23 6 0 gt
23 6 1 55
23 6 2 before
23 5 0 gt
23 5 1 38
23 5 2 within
23 5 3 10
23 5 4 4
24 3 0 geq
24 3 1 45
24 3 2 within
24 3 3 10
24 3 4 7
24 2 0 geq
24 2 1 60
24 2 2 at
24 2 3 6
24 1 0 geq
24 1 1 60
24 1 2 after
24 1 3 7
24 8 0 geq
24 8 1 58
24 8 2 at
24 8 3 7
24 6 0 geq
24 6 1 65
24 6 2 before
24 5 0 gt
24 5 1 22
24 5 2 before
24 5 3 10
25 6 0 gt
25 6 1 53
25 6 2 at
25 1 0 geq
25 1 1 60
25 1 2 within
25 1 3 5
25 1 4 11
25 8 0 gt
25 8 1 57
25 8 2 after
25 8 3 4
25 2 0 geq
25 2 1 60
25 2 2 before
25 2 3 10
25 4 0 eq
25 4 1 75
25 4 2 after
25 4 3 3
25 5 0 gt
25 5 1 16
25 5 2 at
25 5 3 6
26 4 0 eq
26 4 1 120
26 4 2 within
26 4 3 4
26 4 4 7
26 7 0 gt
26 7 1 19
26 7 2 after
26 7 3 5
26 2 0 geq
26 2 1 60
26 2 2 within
26 2 3 10
26 2 4 3
26 5 0 geq
26 5 1 31
26 5 2 at
26 5 3 8
26 1 0 geq
26 1 1 45
26 1 2 after
26 1 3 2
26 6 0 gt
26 6 1 65
26 6 2 after
27 7 0 geq
27 7 1 19
27 7 2 before
27 7 3 10
27 1 0 geq
27 1 1 45
27 1 2 at
27 1 3 10
27 5 0 gt
27 5 1 30
27 5 2 at
27 5 3 10
27 4 0 eq
27 4 1 60
27 4 2 before
27 4 3 8
27 2 0 geq
27 2 1 45
27 2 2 before
27 2 3 8
27 6 0 geq
27 6 1 63
27 6 2 before
28 8 0 gt
28 8 1 72
28 8 2 after
28 8 3 2
28 3 0 geq
28 3 1 45
28 3 2 within
28 3 3 8
28 3 4 7
28 4 0 eq
28 4 1 60
28 4 2 within
28 4 3 6
28 4 4 8
28 6 0 gt
28 6 1 51
28 6 2 at
28 7 0 gt
28 7 1 24
28 7 2 after
28 7 3 4
28 2 0 geq
28 2 1 45
28 2 2 before
28 2 3 10
29 6 0 geq
29 6 1 56
29 6 2 after
29 4 0 eq
29 4 1 120
29 4 2 at
29 4 3 5
29 5 0 geq
29 5 1 32
29 5 2 within
29 5 3 4
29 5 4 8
29 3 0 geq
29 3 1 60
29 3 2 within
29 3 3 3
29 3 4 5
29 2 0 geq
29 2 1 45
29 2 2 before
29 2 3 3
29 8 0 gt
29 8 1 68
29 8 2 before
29 8 3 11
30 8 0 geq
30 8 1 66
30 8 2 within
30 8 3 11
30 8 4 9
30 4 0 eq
30 4 1 120
30 4 2 within
30 4 3 5
30 4 4 6
30 3 0 geq
30 3 1 60
30 3 2 before
30 3 3 5
30 1 0 geq
30 1 1 60
30 1 2 before
30 1 3 10
30 2 0 geq
30 2 1 60
30 2 2 at
30 2 3 8
30 7 0 geq
30 7 1 24
30 7 2 after
30 7 3 1
31 8 0 geq
31 8 1 80
31 8 2 after
31 8 3 2
31 3 0 geq
31 3 1 60
31 3 2 at
31 3 3 4
31 4 0 eq
31 4 1 150
31 4 2 within
31 4 3 9
31 4 4 8
31 1 0 geq
31 1 1 60
31 1 2 within
31 1 3 11
31 1 4 7
31 6 0 gt
31 6 1 62
31 6 2 before
31 5 0 geq
31 5 1 34
31 5 2 before
31 5 3 10
32 3 0 geq
32 3 1 60
32 3 2 within
32 3 3 3
32 3 4 5
32 5 0 gt
32 5 1 38
32 5 2 after
32 5 3 4
32 2 0 geq
32 2 1 60
32 2 2 at
32 2 3 5
32 1 0 geq
32 1 1 45
32 1 2 within
32 1 3 11
32 1 4 8
32 7 0 geq
32 7 1 17
32 7 2 at
32 7 3 6
32 6 0 geq
32 6 1 50
32 6 2 after
33 4 0 eq
33 4 1 120
33 4 2 within
33 4 3 7
33 4 4 4
33 5 0 gt
33 5 1 40
33 5 2 before
33 5 3 9
33 6 0 geq
33 6 1 65
33 6 2 at
33 7 0 geq
33 7 1 19
33 7 2 at
33 7 3 11
33 2 0 geq
33 2 1 45
33 2 2 at
33 2 3 10
33 3 0 geq
33 3 1 45
33 3 2 before
33 3 3 3
34 3 0 geq
34 3 1 45
34 3 2 at
34 3 3 10
34 6 0 geq
34 6 1 51
34 6 2 at
34 2 0 geq
34 2 1 45
34 2 2 after
34 2 3 8
34 5 0 gt
34 5 1 27
34 5 2 at
34 5 3 3
34 4 0 eq
34 4 1 150
34 4 2 at
34 4 3 5
34 7 0 geq
34 7 1 20
34 7 2 at
34 7 3 9
35 1 0 geq
35 1 1 45
35 1 2 before
35 1 3 8
35 4 0 eq
35 4 1 120
35 4 2 at
35 4 3 7
35 7 0 gt
35 7 1 22
35 7 2 within
35 7 3 7
35 7 4 11
35 2 0 geq
35 2 1 45
35 2 2 within
35 2 3 3
35 2 4 5
35 8 0 gt
35 8 1 69
35 8 2 at
35 8 3 11
35 6 0 gt
35 6 1 63
35 6 2 before
36 3 0 geq
36 3 1 60
36 3 2 at
36 3 3 10
36 5 0 gt
36 5 1 17
36 5 2 at
36 5 3 11
36 1 0 geq
36 1 1 45
36 1 2 before
36 1 3 9
36 2 0 geq
36 2 1 60
36 2 2 within
36 2 3 4
36 2 4 9
36 7 0 gt
36 7 1 22
36 7 2 at
36 7 3 11
36 8 0 gt
36 8 1 60
36 8 2 within
36 8 3 8
36 8 4 10
37 5 0 geq
37 5 1 30
37 5 2 within
37 5 3 11
37 5 4 10
37 6 0 gt
37 6 1 64
37 6 2 at
37 7 0 geq
37 7 1 22
37 7 2 at
37 7 3 7
37 2 0 geq
37 2 1 45
37 2 2 after
37 2 3 1
37 1 0 geq
37 1 1 45
37 1 2 within
37 1 3 11
37 1 4 3
37 3 0 geq
37 3 1 60
37 3 2 after
37 3 3 4
38 4 0 eq
38 4 1 60
38 4 2 at
38 4 3 11
38 3 0 geq
38 3 1 45
38 3 2 within
38 3 3 8
38 3 4 7
38 5 0 geq
38 5 1 40
38 5 2 after
38 5 3 8
38 6 0 geq
38 6 1 56
38 6 2 at
38 6 0 geq
38 6 1 59
38 6 2 before
38 5 0 geq
38 5 1 33
38 5 2 before
38 5 3 11
38 3 0 geq
38 3 1 45
38 3 2 after
38 3 3 3
38 4 0 eq
38 4 1 75
38 4 2 before
38 4 3 8
38 5 0 gt
38 5 1 25
38 5 2 before
38 5 3 4
38 4 0 eq
38 4 1 120
38 4 2 after
38 4 3 7
38 3 0 geq
38 3 1 45
38 3 2 after
38 3 3 6
38 6 0 geq
38 6 1 55
38 6 2 at
38 6 0 gt
38 6 1 63
38 6 2 after
38 4 0 eq
38 4 1 75
38 4 2 after
38 4 3 5
38 5 0 gt
38 5 1 25
38 5 2 at
38 5 3 7
38 3 0 geq
38 3 1 60
38 3 2 at
38 3 3 11
38 5 0 gt
38 5 1 15
38 5 2 within
38 5 3 6
38 5 4 9
38 4 0 eq
38 4 1 75
38 4 2 before
38 4 3 6
38 3 0 geq
38 3 1 45
38 3 2 within
38 3 3 3
38 3 4 11
38 6 0 geq
38 6 1 56
38 6 2 at
38 5 0 gt
38 5 1 34
38 5 2 after
38 5 3 7
38 3 0 geq
38 3 1 60
38 3 2 before
38 3 3 7
38 6 0 gt
38 6 1 61
38 6 2 before
38 4 0 eq
38 4 1 60
38 4 2 after
38 4 3 1
38 4 0 eq
38 4 1 150
38 4 2 before
38 4 3 7
38 3 0 geq
38 3 1 60
38 3 2 before
38 3 3 5
38 6 0 geq
38 6 1 61
38 6 2 at
38 5 0 geq
38 5 1 26
38 5 2 within
38 5 3 8
38 5 4 6
38 4 0 eq
38 4 1 60
38 4 2 before
38 4 3 11
38 3 0 geq
38 3 1 45
38 3 2 before
38 3 3 6
38 6 0 gt
38 6 1 53
38 6 2 after
38 5 0 gt
38 5 1 33
38 5 2 at
38 5 3 9
38 4 0 eq
38 4 1 120
38 4 2 before
38 4 3 4
38 5 0 gt
38 5 1 30
38 5 2 before
38 5 3 11
38 3 0 geq
38 3 1 60
38 3 2 at
38 3 3 5
38 6 0 geq
38 6 1 52
38 6 2 at
38 5 0 geq
38 5 1 25
38 5 2 within
38 5 3 6
38 5 4 5
38 3 0 geq
38 3 1 60
38 3 2 within
38 3 3 11
38 3 4 8
38 4 0 eq
38 4 1 75
38 4 2 within
38 4 3 3
38 4 4 9
38 6 0 geq
38 6 1 53
38 6 2 before
38 6 0 geq
38 6 1 55
38 6 2 after
38 5 0 gt
38 5 1 24
38 5 2 after
38 5 3 4
38 3 0 geq
38 3 1 60
38 3 2 before
38 3 3 6
38 4 0 eq
38 4 1 60
38 4 2 before
38 4 3 6
38 3 0 geq
38 3 1 45
38 3 2 before
38 3 3 5
38 6 0 geq
38 6 1 53
38 6 2 at
38 4 0 eq
38 4 1 75
38 4 2 after
38 4 3 4
38 5 0 gt
38 5 1 27
38 5 2 at
38 5 3 7
38 4 0 eq
38 4 1 120
38 4 2 after
38 4 3 7
38 3 0 geq
38 3 1 45
38 3 2 at
38 3 3 9
38 6 0 geq
38 6 1 65
38 6 2 before
38 5 0 geq
38 5 1 33
38 5 2 at
38 5 3 11
38 5 0 geq
38 5 1 26
38 5 2 before
38 5 3 7
38 4 0 eq
38 4 1 60
38 4 2 within
38 4 3 6
38 4 4 5
38 3 0 geq
38 3 1 45
38 3 2 before
38 3 3 6
38 6 0 gt
38 6 1 58
38 6 2 before
38 5 0 geq
38 5 1 25
38 5 2 at
38 5 3 10
38 6 0 geq
38 6 1 57
38 6 2 at
38 3 0 geq
38 3 1 60
38 3 2 after
38 3 3 2
38 4 0 eq
38 4 1 60
38 4 2 at
38 4 3 7
38 4 0 eq
38 4 1 60
38 4 2 after
38 4 3 6
38 5 0 gt
38 5 1 38
38 5 2 before
38 5 3 9
38 3 0 geq
38 3 1 45
38 3 2 within
38 3 3 7
38 3 4 11
38 6 0 geq
38 6 1 56
38 6 2 after
38 5 0 geq
38 5 1 36
38 5 2 at
38 5 3 9
38 3 0 geq
38 3 1 60
38 3 2 after
38 3 3 1
38 4 0 eq
38 4 1 120
38 4 2 within
38 4 3 5
38 4 4 8
38 6 0 gt
38 6 1 55
38 6 2 after
38 3 0 geq
38 3 1 60
38 3 2 within
38 3 3 7
38 3 4 9
38 5 0 geq
38 5 1 16
38 5 2 before
38 5 3 7
38 4 0 eq
38 4 1 60
38 4 2 after
38 4 3 4
38 6 0 geq
38 6 1 62
38 6 2 before
38 4 0 eq
38 4 1 150
38 4 2 after
38 4 3 6
38 3 0 geq
38 3 1 60
38 3 2 before
38 3 3 10
38 6 0 gt
38 6 1 58
38 6 2 before
38 5 0 gt
38 5 1 22
38 5 2 at
38 5 3 8
38 3 0 geq
38 3 1 45
38 3 2 before
38 3 3 6
38 6 0 geq
38 6 1 65
38 6 2 at
38 4 0 eq
38 4 1 75
38 4 2 within
38 4 3 4
38 4 4 7
38 5 0 geq
38 5 1 21
38 5 2 after
38 5 3 1
38 3 0 geq
38 3 1 60
38 3 2 at
38 3 3 7
38 6 0 gt
38 6 1 54
38 6 2 before
38 4 0 eq
38 4 1 150
38 4 2 before
38 4 3 6
38 5 0 geq
38 5 1 37
38 5 2 within
38 5 3 5
38 5 4 7
38 5 0 gt
38 5 1 24
38 5 2 within
38 5 3 5
38 5 4 6
38 4 0 eq
38 4 1 75
38 4 2 at
38 4 3 9
38 3 0 geq
38 3 1 60
38 3 2 within
38 3 3 6
38 3 4 11
38 6 0 gt
38 6 1 58
38 6 2 before
38 6 0 gt
38 6 1 53
38 6 2 after
38 3 0 geq
38 3 1 60
38 3 2 at
38 3 3 7
38 4 0 eq
38 4 1 150
38 4 2 before
38 4 3 7
38 5 0 geq
38 5 1 29
38 5 2 after
38 5 3 9
38 4 0 eq
38 4 1 60
38 4 2 at
38 4 3 4
38 5 0 gt
38 5 1 26
38 5 2 at
38 5 3 3
38 3 0 geq
38 3 1 60
38 3 2 before
38 3 3 9
38 6 0 geq
38 6 1 65
38 6 2 before
38 4 0 eq
38 4 1 75
38 4 2 at
38 4 3 8
38 3 0 geq
38 3 1 45
38 3 2 after
38 3 3 1
38 6 0 geq
38 6 1 54
38 6 2 at
38 5 0 geq
38 5 1 27
38 5 2 after
38 5 3 2
38 5 0 gt
38 5 1 16
38 5 2 within
38 5 3 3
38 5 4 10
38 3 0 geq
38 3 1 60
38 3 2 after
38 3 3 1
38 4 0 eq
38 4 1 120
38 4 2 before
38 4 3 8
38 6 0 geq
38 6 1 64
38 6 2 at
38 3 0 geq
38 3 1 45
38 3 2 at
38 3 3 4
38 4 0 eq
38 4 1 120
38 4 2 before
38 4 3 9
38 6 0 geq
38 6 1 59
38 6 2 at
38 5 0 gt
38 5 1 32
38 5 2 within
38 5 3 6
38 5 4 7
38 3 0 geq
38 3 1 45
38 3 2 before
38 3 3 10
38 6 0 gt
38 6 1 63
38 6 2 after
38 4 0 eq
38 4 1 150
38 4 2 at
38 4 3 7
38 5 0 gt
38 5 1 19
38 5 2 after
38 5 3 1
38 6 0 geq
38 6 1 57
38 6 2 after
38 4 0 eq
38 4 1 60
38 4 2 within
38 4 3 4
38 4 4 6
38 3 0 geq
38 3 1 60
38 3 2 within
38 3 3 8
38 3 4 11
38 5 0 geq
38 5 1 40
38 5 2 within
38 5 3 11
38 5 4 9
38 6 0 geq
38 6 1 60
38 6 2 at
38 5 0 gt
38 5 1 25
38 5 2 at
38 5 3 8
38 3 0 geq
38 3 1 45
38 3 2 before
38 3 3 8
38 4 0 eq
38 4 1 150
38 4 2 after
38 4 3 1
38 4 0 eq
38 4 1 150
38 4 2 within
38 4 3 5
38 4 4 6
38 6 0 geq
38 6 1 50
38 6 2 before
38 3 0 geq
38 3 1 45
38 3 2 within
38 3 3 9
38 3 4 4
38 5 0 gt
38 5 1 22
38 5 2 before
38 5 3 10
38 3 0 geq
38 3 1 45
38 3 2 within
38 3 3 11
38 3 4 5
38 5 0 gt
38 5 1 28
38 5 2 within
38 5 3 9
38 5 4 7
38 4 0 eq
38 4 1 60
38 4 2 before
38 4 3 7
38 6 0 geq
38 6 1 62
38 6 2 after
38 6 0 geq
38 6 1 65
38 6 2 before
38 4 0 eq
38 4 1 150
38 4 2 within
38 4 3 11
38 4 4 7
38 5 0 gt
38 5 1 39
38 5 2 within
38 5 3 11
38 5 4 5
38 3 0 geq
38 3 1 60
38 3 2 after
38 3 3 4
38 6 0 gt
38 6 1 61
38 6 2 at
38 5 0 geq
38 5 1 40
38 5 2 within
38 5 3 5
38 5 4 7
38 4 0 eq
38 4 1 120
38 4 2 before
38 4 3 9
38 3 0 geq
38 3 1 45
38 3 2 after
38 3 3 8
38 4 0 eq
38 4 1 150
38 4 2 at
38 4 3 8
38 5 0 geq
38 5 1 17
38 5 2 within
38 5 3 3
38 5 4 9
38 3 0 geq
38 3 1 45
38 3 2 at
38 3 3 3
38 6 0 gt
38 6 1 54
38 6 2 at
38 6 0 gt
38 6 1 59
38 6 2 before
38 5 0 geq
38 5 1 16
38 5 2 before
38 5 3 4
38 3 0 geq
38 3 1 45
38 3 2 at
38 3 3 11
38 4 0 eq
38 4 1 120
38 4 2 at
38 4 3 6
38 3 0 geq
38 3 1 60
38 3 2 before
38 3 3 8
38 4 0 eq
38 4 1 150
38 4 2 after
38 4 3 7
38 5 0 geq
38 5 1 32
38 5 2 within
38 5 3 5
38 5 4 10
38 6 0 gt
38 6 1 52
38 6 2 after
