1 3 0 geq
1 3 1 60
1 3 2 within
1 3 3 6
1 3 4 5
1 2 0 geq
1 2 1 60
1 2 2 at
1 2 3 5
1 5 0 gt
1 5 1 36
1 5 2 before
1 5 3 8
1 8 0 gt
1 8 1 56
1 8 2 at
1 8 3 7
1 6 0 gt
1 6 1 55
1 6 2 after
1 4 0 eq
1 4 1 75
1 4 2 after
1 4 3 9
2 6 0 geq
2 6 1 61
2 6 2 at
2 8 0 geq
2 8 1 51
2 8 2 at
2 8 3 4
2 3 0 geq
2 3 1 60
2 3 2 before
2 3 3 9
2 5 0 gt
2 5 1 40
2 5 2 at
2 5 3 10
2 2 0 geq
2 2 1 60
2 2 2 at
2 2 3 11
2 4 0 eq
2 4 1 60
2 4 2 within
2 4 3 9
2 4 4 5
3 8 0 geq
3 8 1 68
3 8 2 within
3 8 3 11
3 8 4 9
3 1 0 geq
3 1 1 60
3 1 2 at
3 1 3 4
3 7 0 gt
3 7 1 23
3 7 2 at
3 7 3 8
3 2 0 geq
3 2 1 60
3 2 2 after
3 2 3 6
3 5 0 geq
3 5 1 23
3 5 2 after
3 5 3 3
3 3 0 geq
3 3 1 45
3 3 2 within
3 3 3 9
3 3 4 10
4 3 0 geq
4 3 1 60
4 3 2 after
4 3 3 3
4 7 0 gt
4 7 1 21
4 7 2 after
4 7 3 7
4 2 0 geq
4 2 1 45
4 2 2 before
4 2 3 5
4 5 0 gt
4 5 1 29
4 5 2 at
4 5 3 8
4 6 0 gt
4 6 1 55
4 6 2 at
4 1 0 geq
4 1 1 45
4 1 2 before
4 1 3 9
5 7 0 gt
5 7 1 18
5 7 2 before
5 7 3 4
5 4 0 eq
5 4 1 120
5 4 2 before
5 4 3 8
5 2 0 geq
5 2 1 60
5 2 2 within
5 2 3 10
5 2 4 4
5 1 0 geq
5 1 1 45
5 1 2 before
5 1 3 4
5 5 0 gt
5 5 1 18
5 5 2 before
5 5 3 4
5 3 0 geq
5 3 1 45
5 3 2 after
5 3 3 6
6 4 0 eq
6 4 1 60
6 4 2 before
6 4 3 8
6 5 0 geq
6 5 1 21
6 5 2 before
6 5 3 9
6 8 0 geq
6 8 1 72
6 8 2 after
6 8 3 2
6 7 0 geq
6 7 1 18
6 7 2 at
6 7 3 9
6 3 0 geq
6 3 1 45
6 3 2 within
6 3 3 8
6 3 4 11
6 6 0 gt
6 6 1 65
6 6 2 at
7 5 0 gt
7 5 1 24
7 5 2 after
7 5 3 6
7 6 0 gt
7 6 1 57
7 6 2 at
7 2 0 geq
7 2 1 45
7 2 2 before
7 2 3 8
7 4 0 eq
7 4 1 150
7 4 2 before
7 4 3 8
7 8 0 gt
7 8 1 65
7 8 2 before
7 8 3 9
7 7 0 geq
7 7 1 17
7 7 2 within
7 7 3 10
7 7 4 8
8 8 0 gt
8 8 1 69
8 8 2 before
8 8 3 4
8 3 0 geq
8 3 1 60
8 3 2 within
8 3 3 6
8 3 4 10
8 1 0 geq
8 1 1 45
8 1 2 after
8 1 3 4
8 5 0 geq
8 5 1 34
8 5 2 after
8 5 3 2
8 4 0 eq
8 4 1 60
8 4 2 at
8 4 3 10
8 2 0 geq
8 2 1 60
8 2 2 within
8 2 3 6
8 2 4 8
9 4 0 eq
9 4 1 120
9 4 2 within
9 4 3 5
9 4 4 11
9 8 0 gt
9 8 1 61
9 8 2 within
9 8 3 8
9 8 4 11
9 6 0 geq
9 6 1 61
9 6 2 at
9 1 0 geq
9 1 1 45
9 1 2 before
9 1 3 9
9 2 0 geq
9 2 1 60
9 2 2 before
9 2 3 6
9 5 0 geq
9 5 1 25
9 5 2 within
9 5 3 11
9 5 4 7
10 2 0 geq
10 2 1 45
10 2 2 at
10 2 3 10
10 7 0 gt
10 7 1 19
10 7 2 at
10 7 3 11
10 3 0 geq
10 3 1 60
10 3 2 at
10 3 3 6
10 6 0 geq
10 6 1 51
10 6 2 after
10 8 0 gt
10 8 1 56
10 8 2 after
10 8 3 1
10 1 0 geq
10 1 1 60
10 1 2 at
10 1 3 6
11 5 0 gt
11 5 1 25
11 5 2 at
11 5 3 3
11 7 0 gt
11 7 1 18
11 7 2 after
11 7 3 4
11 6 0 gt
11 6 1 57
11 6 2 before
11 8 0 gt
11 8 1 55
11 8 2 at
11 8 3 10
11 1 0 geq
11 1 1 45
11 1 2 after
11 1 3 3
11 2 0 geq
11 2 1 60
11 2 2 before
11 2 3 10
12 5 0 gt
12 5 1 27
12 5 2 after
12 5 3 3
12 6 0 geq
12 6 1 55
12 6 2 at
12 2 0 geq
12 2 1 60
12 2 2 at
12 2 3 5
12 8 0 gt
12 8 1 65
12 8 2 after
12 8 3 3
12 7 0 geq
12 7 1 21
12 7 2 after
12 7 3 1
12 1 0 geq
12 1 1 45
12 1 2 before
12 1 3 5
13 2 0 geq
13 2 1 45
13 2 2 before
13 2 3 5
13 5 0 geq
13 5 1 39
13 5 2 before
13 5 3 11
13 3 0 geq
13 3 1 60
13 3 2 at
13 3 3 5
13 1 0 geq
13 1 1 60
13 1 2 at
13 1 3 8
13 6 0 gt
13 6 1 60
13 6 2 after
13 8 0 gt
13 8 1 51
13 8 2 after
13 8 3 8
14 1 0 geq
14 1 1 45
14 1 2 after
14 1 3 8
14 8 0 gt
14 8 1 78
14 8 2 before
14 8 3 11
14 5 0 geq
14 5 1 25
14 5 2 within
14 5 3 7
14 5 4 10
14 6 0 geq
14 6 1 62
14 6 2 before
14 3 0 geq
14 3 1 45
14 3 2 at
14 3 3 8
14 7 0 gt
14 7 1 18
14 7 2 before
14 7 3 6
15 4 0 eq
15 4 1 120
15 4 2 within
15 4 3 6
15 4 4 11
15 8 0 geq
15 8 1 53
15 8 2 at
15 8 3 9
15 3 0 geq
15 3 1 45
15 3 2 at
15 3 3 9
15 5 0 gt
15 5 1 23
15 5 2 at
15 5 3 3
15 2 0 geq
15 2 1 60
15 2 2 at
15 2 3 4
15 1 0 geq
15 1 1 45
15 1 2 at
15 1 3 9
16 4 0 eq
16 4 1 120
16 4 2 within
16 4 3 6
16 4 4 7
16 8 0 geq
16 8 1 50
16 8 2 after
16 8 3 7
16 7 0 gt
16 7 1 20
16 7 2 at
16 7 3 9
16 1 0 geq
16 1 1 60
16 1 2 at
16 1 3 8
16 2 0 geq
16 2 1 45
16 2 2 before
16 2 3 8
16 6 0 gt
16 6 1 54
16 6 2 before
17 8 0 geq
17 8 1 60
17 8 2 before
17 8 3 6
17 4 0 eq
17 4 1 150
17 4 2 at
17 4 3 11
17 6 0 geq
17 6 1 57
17 6 2 after
17 5 0 gt
17 5 1 22
17 5 2 at
17 5 3 3
17 1 0 geq
17 1 1 60
17 1 2 before
17 1 3 8
17 7 0 gt
17 7 1 21
17 7 2 within
17 7 3 10
17 7 4 11
18 1 0 geq
18 1 1 45
18 1 2 before
18 1 3 10
18 5 0 geq
18 5 1 19
18 5 2 after
18 5 3 4
18 6 0 gt
18 6 1 56
18 6 2 after
18 2 0 geq
18 2 1 45
18 2 2 at
18 2 3 5
18 4 0 eq
18 4 1 150
18 4 2 within
18 4 3 5
18 4 4 7
18 3 0 geq
18 3 1 45
18 3 2 before
18 3 3 9
19 8 0 gt
19 8 1 64
19 8 2 within
19 8 3 7
19 8 4 4
19 2 0 geq
19 2 1 60
19 2 2 before
19 2 3 11
19 1 0 geq
19 1 1 45
19 1 2 before
19 1 3 5
19 4 0 eq
19 4 1 60
19 4 2 after
19 4 3 2
19 5 0 gt
19 5 1 21
19 5 2 after
19 5 3 3
19 7 0 geq
19 7 1 20
19 7 2 at
19 7 3 3
20 4 0 eq
20 4 1 120
20 4 2 within
20 4 3 9
20 4 4 4
20 3 0 geq
20 3 1 45
20 3 2 before
20 3 3 10
20 2 0 geq
20 2 1 60
20 2 2 after
20 2 3 1
20 5 0 geq
20 5 1 21
20 5 2 within
20 5 3 5
20 5 4 10
20 6 0 geq
20 6 1 54
20 6 2 at
20 1 0 geq
20 1 1 45
20 1 2 before
20 1 3 4
21 1 0 geq
21 1 1 60
21 1 2 at
21 1 3 8
21 8 0 geq
21 8 1 74
21 8 2 within
21 8 3 11
21 8 4 7
21 3 0 geq
21 3 1 45
21 3 2 within
21 3 3 7
21 3 4 3
21 2 0 geq
21 2 1 60
21 2 2 before
21 2 3 11
21 7 0 geq
21 7 1 23
21 7 2 after
21 7 3 8
21 5 0 gt
21 5 1 19
21 5 2 after
21 5 3 8
22 8 0 gt
22 8 1 55
22 8 2 within
22 8 3 8
22 8 4 9
22 2 0 geq
22 2 1 60
22 2 2 at
22 2 3 7
22 6 0 geq
22 6 1 53
22 6 2 at
22 4 0 eq
22 4 1 60
22 4 2 before
22 4 3 4
22 5 0 gt
22 5 1 40
22 5 2 after
22 5 3 3
22 1 0 geq
22 1 1 45
22 1 2 within
22 1 3 6
22 1 4 8
23 8 0 gt
23 8 1 68
23 8 2 within
23 8 3 7
23 8 4 6
23 4 0 eq
23 4 1 60
23 4 2 before
23 4 3 7
23 1 0 geq
23 1 1 60
23 1 2 at
23 1 3 10
23 6 0 geq
23 6 1 65
23 6 2 after
23 7 0 gt
23 7 1 23
23 7 2 at
23 7 3 9
23 2 0 geq
23 2 1 45
23 2 2 at
23 2 3 11
24 6 0 geq
24 6 1 57
24 6 2 at
24 5 0 gt
24 5 1 21
24 5 2 within
24 5 3 7
24 5 4 5
24 8 0 geq
24 8 1 52
24 8 2 before
24 8 3 4
24 1 0 geq
24 1 1 60
24 1 2 at
24 1 3 11
24 2 0 geq
24 2 1 45
24 2 2 before
24 2 3 5
24 4 0 eq
24 4 1 150
24 4 2 within
24 4 3 11
24 4 4 10
25 4 0 eq
25 4 1 60
25 4 2 at
25 4 3 9
25 5 0 gt
25 5 1 24
25 5 2 before
25 5 3 8
25 6 0 gt
25 6 1 63
25 6 2 before
25 3 0 geq
25 3 1 45
25 3 2 within
25 3 3 3
25 3 4 6
25 8 0 gt
25 8 1 73
25 8 2 within
25 8 3 8
25 8 4 6
25 2 0 geq
25 2 1 45
25 2 2 at
25 2 3 10
26 3 0 geq
26 3 1 45
26 3 2 within
26 3 3 4
26 3 4 9
26 7 0 gt
26 7 1 18
26 7 2 within
26 7 3 7
26 7 4 11
26 6 0 geq
26 6 1 63
26 6 2 after
26 8 0 geq
26 8 1 79
26 8 2 after
26 8 3 2
26 1 0 geq
26 1 1 60
26 1 2 at
26 1 3 9
26 4 0 eq
26 4 1 150
26 4 2 after
26 4 3 8
27 4 0 eq
27 4 1 120
27 4 2 after
27 4 3 1
27 6 0 gt
27 6 1 51
27 6 2 before
27 5 0 gt
27 5 1 21
27 5 2 within
27 5 3 6
27 5 4 11
27 7 0 gt
27 7 1 21
27 7 2 before
27 7 3 7
27 1 0 geq
27 1 1 60
27 1 2 after
27 1 3 4
27 2 0 geq
27 2 1 60
27 2 2 at
27 2 3 5
28 7 0 geq
28 7 1 20
28 7 2 before
28 7 3 3
28 4 0 eq
28 4 1 120
28 4 2 within
28 4 3 4
28 4 4 10
28 2 0 geq
28 2 1 45
28 2 2 at
28 2 3 6
28 5 0 gt
28 5 1 22
28 5 2 at
28 5 3 6
28 6 0 gt
28 6 1 64
28 6 2 before
28 3 0 geq
28 3 1 60
28 3 2 at
28 3 3 7
29 7 0 gt
29 7 1 24
29 7 2 within
29 7 3 9
29 7 4 7
29 1 0 geq
29 1 1 60
29 1 2 before
29 1 3 11
29 3 0 geq
29 3 1 45
29 3 2 before
29 3 3 6
29 4 0 eq
29 4 1 120
29 4 2 after
29 4 3 2
29 8 0 geq
29 8 1 69
29 8 2 at
29 8 3 8
29 2 0 geq
29 2 1 60
29 2 2 at
29 2 3 4
30 3 0 geq
30 3 1 60
30 3 2 after
30 3 3 5
30 1 0 geq
30 1 1 45
30 1 2 at
30 1 3 9
30 2 0 geq
30 2 1 45
30 2 2 after
30 2 3 1
30 6 0 gt
30 6 1 58
30 6 2 after
30 4 0 eq
30 4 1 150
30 4 2 at
30 4 3 9
30 8 0 gt
30 8 1 77
30 8 2 after
30 8 3 4
31 3 0 geq
31 3 1 45
31 3 2 before
31 3 3 9
31 5 0 geq
31 5 1 27
31 5 2 at
31 5 3 10
31 7 0 gt
31 7 1 17
31 7 2 within
31 7 3 7
31 7 4 6
31 4 0 eq
31 4 1 75
31 4 2 after
31 4 3 9
31 8 0 geq
31 8 1 54
31 8 2 after
31 8 3 6
31 1 0 geq
31 1 1 45
31 1 2 before
31 1 3 4
32 3 0 geq
32 3 1 45
32 3 2 at
32 3 3 5
32 7 0 gt
32 7 1 24
32 7 2 before
32 7 3 3
32 6 0 geq
32 6 1 56
32 6 2 at
32 2 0 geq
32 2 1 60
32 2 2 after
32 2 3 3
32 1 0 geq
32 1 1 45
32 1 2 before
32 1 3 4
32 8 0 gt
32 8 1 74
32 8 2 after
32 8 3 4
33 7 0 gt
33 7 1 20
33 7 2 at
33 7 3 3
33 4 0 eq
33 4 1 60
33 4 2 before
33 4 3 4
33 6 0 gt
33 6 1 55
33 6 2 at
33 3 0 geq
33 3 1 60
33 3 2 after
33 3 3 5
33 5 0 geq
33 5 1 15
33 5 2 at
33 5 3 9
33 8 0 geq
33 8 1 71
33 8 2 within
33 8 3 8
33 8 4 7
34 5 0 gt
34 5 1 31
34 5 2 at
34 5 3 7
34 4 0 eq
34 4 1 120
34 4 2 after
34 4 3 7
34 1 0 geq
34 1 1 45
34 1 2 within
34 1 3 6
34 1 4 9
34 2 0 geq
34 2 1 45
34 2 2 at
34 2 3 11
34 8 0 gt
34 8 1 73
34 8 2 within
34 8 3 10
34 8 4 8
34 3 0 geq
34 3 1 45
34 3 2 before
34 3 3 8
35 1 0 geq
35 1 1 60
35 1 2 before
35 1 3 6
35 2 0 geq
35 2 1 60
35 2 2 before
35 2 3 4
35 5 0 geq
35 5 1 25
35 5 2 at
35 5 3 3
35 6 0 geq
35 6 1 65
35 6 2 at
35 4 0 eq
35 4 1 150
35 4 2 after
35 4 3 3
35 3 0 geq
35 3 1 45
35 3 2 within
35 3 3 8
35 3 4 9
36 7 0 geq
36 7 1 24
36 7 2 after
36 7 3 6
36 8 0 gt
36 8 1 54
36 8 2 after
36 8 3 7
36 2 0 geq
36 2 1 60
36 2 2 after
36 2 3 9
36 6 0 gt
36 6 1 58
36 6 2 before
36 4 0 eq
36 4 1 150
36 4 2 within
36 4 3 11
36 4 4 7
36 3 0 geq
36 3 1 60
36 3 2 after
36 3 3 5
37 3 0 geq
37 3 1 45
37 3 2 before
37 3 3 8
37 8 0 geq
37 8 1 53
37 8 2 before
37 8 3 11
37 7 0 gt
37 7 1 22
37 7 2 before
37 7 3 11
37 5 0 gt
37 5 1 21
37 5 2 at
37 5 3 9
37 1 0 geq
37 1 1 45
37 1 2 at
37 1 3 10
37 4 0 eq
37 4 1 75
37 4 2 within
37 4 3 4
37 4 4 6
38 8 0 gt
38 8 1 73
38 8 2 after
38 8 3 4
38 4 0 eq
38 4 1 120
38 4 2 at
38 4 3 7
38 3 0 geq
38 3 1 60
38 3 2 after
38 3 3 6
38 6 0 geq
38 6 1 60
38 6 2 at
38 1 0 geq
38 1 1 45
38 1 2 within
38 1 3 11
38 1 4 4
38 5 0 geq
38 5 1 20
38 5 2 within
38 5 3 3
38 5 4 6
39 6 0 gt
39 6 1 53
39 6 2 before
39 2 0 geq
39 2 1 45
39 2 2 within
39 2 3 7
39 2 4 5
39 8 0 geq
39 8 1 63
39 8 2 at
39 8 3 8
39 3 0 geq
39 3 1 45
39 3 2 before
39 3 3 3
39 7 0 geq
39 7 1 18
39 7 2 before
39 7 3 2
39 1 0 geq
39 1 1 45
39 1 2 within
39 1 3 11
39 1 4 3
40 5 0 geq
40 5 1 27
40 5 2 before
40 5 3 6
40 8 0 geq
40 8 1 61
40 8 2 after
40 8 3 3
40 1 0 geq
40 1 1 45
40 1 2 at
40 1 3 4
40 2 0 geq
40 2 1 45
40 2 2 within
40 2 3 3
40 2 4 4
40 4 0 eq
40 4 1 150
40 4 2 at
40 4 3 8
40 6 0 gt
40 6 1 54
40 6 2 before
41 6 0 gt
41 6 1 57
41 6 2 before
41 3 0 geq
41 3 1 60
41 3 2 at
41 3 3 11
41 5 0 gt
41 5 1 36
41 5 2 at
41 5 3 7
41 7 0 geq
41 7 1 21
41 7 2 at
41 7 3 8
41 8 0 geq
41 8 1 53
41 8 2 after
41 8 3 4
41 4 0 eq
41 4 1 120
41 4 2 at
41 4 3 11
42 6 0 geq
42 6 1 53
42 6 2 before
42 8 0 gt
42 8 1 51
42 8 2 before
42 8 3 7
42 2 0 geq
42 2 1 60
42 2 2 within
42 2 3 4
42 2 4 5
42 7 0 gt
42 7 1 17
42 7 2 after
42 7 3 10
42 5 0 geq
42 5 1 27
42 5 2 within
42 5 3 7
42 5 4 3
42 4 0 eq
42 4 1 150
42 4 2 at
42 4 3 11
43 4 0 eq
43 4 1 60
43 4 2 at
43 4 3 5
43 3 0 geq
43 3 1 60
43 3 2 at
43 3 3 4
43 1 0 geq
43 1 1 45
43 1 2 within
43 1 3 5
43 1 4 8
43 5 0 gt
43 5 1 29
43 5 2 within
43 5 3 5
43 5 4 8
43 2 0 geq
43 2 1 60
43 2 2 within
43 2 3 7
43 2 4 10
43 7 0 geq
43 7 1 19
43 7 2 after
43 7 3 8
44 2 0 geq
44 2 1 60
44 2 2 within
44 2 3 5
44 2 4 7
44 1 0 geq
44 1 1 60
44 1 2 after
44 1 3 9
44 8 0 geq
44 8 1 80
44 8 2 within
44 8 3 10
44 8 4 7
44 6 0 gt
44 6 1 56
44 6 2 at
44 7 0 gt
44 7 1 22
44 7 2 before
44 7 3 9
44 4 0 eq
44 4 1 60
44 4 2 after
44 4 3 1
45 4 0 eq
45 4 1 75
45 4 2 before
45 4 3 4
45 6 0 gt
45 6 1 51
45 6 2 after
45 3 0 geq
45 3 1 60
45 3 2 at
45 3 3 11
45 2 0 geq
45 2 1 60
45 2 2 after
45 2 3 9
45 8 0 gt
45 8 1 57
45 8 2 after
45 8 3 1
45 1 0 geq
45 1 1 60
45 1 2 at
45 1 3 3
46 3 0 geq
46 3 1 60
46 3 2 before
46 3 3 11
46 2 0 geq
46 2 1 45
46 2 2 after
46 2 3 5
46 5 0 gt
46 5 1 40
46 5 2 after
46 5 3 3
46 8 0 gt
46 8 1 54
46 8 2 at
46 8 3 6
46 4 0 eq
46 4 1 75
46 4 2 at
46 4 3 5
46 1 0 geq
46 1 1 45
46 1 2 after
46 1 3 8
47 8 0 geq
47 8 1 58
47 8 2 before
47 8 3 11
47 4 0 eq
47 4 1 120
47 4 2 before
47 4 3 9
47 1 0 geq
47 1 1 45
47 1 2 after
47 1 3 7
47 2 0 geq
47 2 1 60
47 2 2 before
47 2 3 8
47 5 0 geq
47 5 1 37
47 5 2 before
47 5 3 11
47 7 0 geq
47 7 1 18
47 7 2 at
47 7 3 7
48 8 0 geq
48 8 1 78
48 8 2 after
48 8 3 5
48 6 0 gt
48 6 1 54
48 6 2 after
48 7 0 gt
48 7 1 18
48 7 2 after
48 7 3 2
48 2 0 geq
48 2 1 45
48 2 2 before
48 2 3 10
48 3 0 geq
48 3 1 60
48 3 2 at
48 3 3 4
48 5 0 gt
48 5 1 39
48 5 2 after
48 5 3 6
49 7 0 gt
49 7 1 20
49 7 2 after
49 7 3 6
49 3 0 geq
49 3 1 45
49 3 2 before
49 3 3 11
49 5 0 gt
49 5 1 22
49 5 2 before
49 5 3 6
49 1 0 geq
49 1 1 60
49 1 2 after
49 1 3 5
49 4 0 eq
49 4 1 120
49 4 2 before
49 4 3 4
49 2 0 geq
49 2 1 60
49 2 2 at
49 2 3 10
50 4 0 eq
50 4 1 120
50 4 2 after
50 4 3 8
50 8 0 geq
50 8 1 58
50 8 2 after
50 8 3 2
50 3 0 geq
50 3 1 60
50 3 2 at
50 3 3 3
50 5 0 geq
50 5 1 18
50 5 2 after
50 5 3 7
50 2 0 geq
50 2 1 60
50 2 2 at
50 2 3 6
50 6 0 geq
50 6 1 56
50 6 2 before
51 1 0 geq
51 1 1 60
51 1 2 before
51 1 3 6
51 8 0 geq
51 8 1 54
51 8 2 at
51 8 3 10
51 2 0 geq
51 2 1 45
51 2 2 within
51 2 3 11
51 2 4 6
51 4 0 eq
51 4 1 60
51 4 2 after
51 4 3 5
51 6 0 geq
51 6 1 55
51 6 2 before
51 7 0 geq
51 7 1 20
51 7 2 after
51 7 3 1
52 4 0 eq
52 4 1 75
52 4 2 within
52 4 3 10
52 4 4 7
52 3 0 geq
52 3 1 60
52 3 2 after
52 3 3 3
52 8 0 geq
52 8 1 67
52 8 2 within
52 8 3 9
52 8 4 11
52 1 0 geq
52 1 1 45
52 1 2 before
52 1 3 6
52 7 0 gt
52 7 1 22
52 7 2 at
52 7 3 11
52 2 0 geq
52 2 1 60
52 2 2 before
52 2 3 11
53 6 0 gt
53 6 1 51
53 6 2 before
53 7 0 gt
53 7 1 24
53 7 2 before
53 7 3 3
53 1 0 geq
53 1 1 60
53 1 2 within
53 1 3 5
53 1 4 8
53 4 0 eq
53 4 1 150
53 4 2 before
53 4 3 9
53 5 0 gt
53 5 1 35
53 5 2 within
53 5 3 11
53 5 4 10
53 2 0 geq
53 2 1 45
53 2 2 before
53 2 3 4
54 4 0 eq
54 4 1 75
54 4 2 after
54 4 3 9
54 8 0 gt
54 8 1 52
54 8 2 before
54 8 3 10
54 5 0 geq
54 5 1 31
54 5 2 at
54 5 3 4
54 7 0 gt
54 7 1 23
54 7 2 within
54 7 3 11
54 7 4 6
54 3 0 geq
54 3 1 60
54 3 2 at
54 3 3 6
54 1 0 geq
54 1 1 60
54 1 2 within
54 1 3 9
54 1 4 6
55 6 0 gt
55 6 1 56
55 6 2 after
55 4 0 eq
55 4 1 75
55 4 2 within
55 4 3 9
55 4 4 3
55 3 0 geq
55 3 1 45
55 3 2 after
55 3 3 6
55 8 0 geq
55 8 1 69
55 8 2 after
55 8 3 3
55 2 0 geq
55 2 1 45
55 2 2 before
55 2 3 11
55 5 0 geq
55 5 1 28
55 5 2 before
55 5 3 9
56 6 0 gt
56 6 1 57
56 6 2 after
56 7 0 geq
56 7 1 17
56 7 2 at
56 7 3 11
56 8 0 gt
56 8 1 76
56 8 2 within
56 8 3 11
56 8 4 10
56 3 0 geq
56 3 1 60
56 3 2 at
56 3 3 7
56 2 0 geq
56 2 1 45
56 2 2 before
56 2 3 6
56 5 0 gt
56 5 1 38
56 5 2 after
56 5 3 2
57 1 0 geq
57 1 1 60
57 1 2 at
57 1 3 3
57 2 0 geq
57 2 1 45
57 2 2 before
57 2 3 7
57 4 0 eq
57 4 1 120
57 4 2 within
57 4 3 11
57 4 4 9
57 6 0 geq
57 6 1 57
57 6 2 at
57 8 0 geq
57 8 1 52
57 8 2 before
57 8 3 8
57 3 0 geq
57 3 1 45
57 3 2 within
57 3 3 8
57 3 4 4
58 4 0 eq
58 4 1 75
58 4 2 at
58 4 3 8
58 3 0 geq
58 3 1 60
58 3 2 within
58 3 3 6
58 3 4 4
58 6 0 gt
58 6 1 57
58 6 2 at
58 5 0 geq
58 5 1 17
58 5 2 at
58 5 3 11
58 8 0 geq
58 8 1 77
58 8 2 within
58 8 3 11
58 8 4 10
58 7 0 geq
58 7 1 18
58 7 2 before
58 7 3 10
59 5 0 geq
59 5 1 17
59 5 2 before
59 5 3 7
59 3 0 geq
59 3 1 60
59 3 2 after
59 3 3 6
59 7 0 gt
59 7 1 23
59 7 2 at
59 7 3 3
59 8 0 gt
59 8 1 63
59 8 2 within
59 8 3 9
59 8 4 10
59 1 0 geq
59 1 1 60
59 1 2 within
59 1 3 3
59 1 4 6
59 4 0 eq
59 4 1 120
59 4 2 before
59 4 3 9
60 6 0 geq
60 6 1 54
60 6 2 after
60 3 0 geq
60 3 1 45
60 3 2 after
60 3 3 2
60 7 0 gt
60 7 1 20
60 7 2 after
60 7 3 8
60 8 0 gt
60 8 1 50
60 8 2 at
60 8 3 8
60 5 0 gt
60 5 1 27
60 5 2 within
60 5 3 4
60 5 4 8
60 2 0 geq
60 2 1 45
60 2 2 before
60 2 3 9
61 8 0 gt
61 8 1 80
61 8 2 at
61 8 3 10
61 2 0 geq
61 2 1 45
61 2 2 within
61 2 3 8
61 2 4 4
61 3 0 geq
61 3 1 45
61 3 2 after
61 3 3 8
61 4 0 eq
61 4 1 150
61 4 2 within
61 4 3 11
61 4 4 5
61 6 0 geq
61 6 1 61
61 6 2 before
61 1 0 geq
61 1 1 60
61 1 2 before
61 1 3 11
62 8 0 gt
62 8 1 74
62 8 2 before
62 8 3 11
62 1 0 geq
62 1 1 60
62 1 2 within
62 1 3 4
62 1 4 11
62 5 0 geq
62 5 1 15
62 5 2 at
62 5 3 2
62 2 0 geq
62 2 1 60
62 2 2 after
62 2 3 6
62 4 0 eq
62 4 1 60
62 4 2 after
62 4 3 2
62 3 0 geq
62 3 1 60
62 3 2 at
62 3 3 7
63 5 0 gt
63 5 1 39
63 5 2 before
63 5 3 7
63 6 0 gt
63 6 1 60
63 6 2 at
63 3 0 geq
63 3 1 45
63 3 2 within
63 3 3 3
63 3 4 5
63 2 0 geq
63 2 1 45
63 2 2 before
63 2 3 9
63 4 0 eq
63 4 1 150
63 4 2 within
63 4 3 5
63 4 4 6
63 7 0 gt
63 7 1 19
63 7 2 after
63 7 3 6
64 7 0 geq
64 7 1 23
64 7 2 at
64 7 3 10
64 1 0 geq
64 1 1 45
64 1 2 before
64 1 3 9
64 3 0 geq
64 3 1 60
64 3 2 after
64 3 3 7
64 8 0 gt
64 8 1 65
64 8 2 after
64 8 3 2
64 4 0 eq
64 4 1 120
64 4 2 at
64 4 3 11
64 2 0 geq
64 2 1 60
64 2 2 within
64 2 3 4
64 2 4 7
65 3 0 geq
65 3 1 60
65 3 2 before
65 3 3 6
65 4 0 eq
65 4 1 75
65 4 2 within
65 4 3 11
65 4 4 5
65 5 0 geq
65 5 1 16
65 5 2 at
65 5 3 10
65 1 0 geq
65 1 1 60
65 1 2 after
65 1 3 4
65 2 0 geq
65 2 1 60
65 2 2 after
65 2 3 9
65 6 0 gt
65 6 1 59
65 6 2 at
66 2 0 geq
66 2 1 45
66 2 2 after
66 2 3 6
66 6 0 gt
66 6 1 61
66 6 2 at
66 3 0 geq
66 3 1 45
66 3 2 at
66 3 3 5
66 7 0 gt
66 7 1 17
66 7 2 within
66 7 3 10
66 7 4 7
66 1 0 geq
66 1 1 45
66 1 2 before
66 1 3 8
66 5 0 gt
66 5 1 33
66 5 2 before
66 5 3 10
67 6 0 gt
67 6 1 57
67 6 2 after
67 3 0 geq
67 3 1 60
67 3 2 within
67 3 3 11
67 3 4 4
67 7 0 geq
67 7 1 17
67 7 2 at
67 7 3 11
67 4 0 eq
67 4 1 75
67 4 2 at
67 4 3 5
67 1 0 geq
67 1 1 45
67 1 2 at
67 1 3 7
67 5 0 geq
67 5 1 30
67 5 2 before
67 5 3 11
68 1 0 geq
68 1 1 45
68 1 2 before
68 1 3 7
68 5 0 geq
68 5 1 31
68 5 2 at
68 5 3 10
68 6 0 gt
68 6 1 52
68 6 2 before
68 2 0 geq
68 2 1 60
68 2 2 after
68 2 3 8
68 4 0 eq
68 4 1 75
68 4 2 within
68 4 3 4
68 4 4 6
68 7 0 geq
68 7 1 24
68 7 2 at
68 7 3 11
69 3 0 geq
69 3 1 45
69 3 2 at
69 3 3 8
69 4 0 eq
69 4 1 75
69 4 2 at
69 4 3 5
69 1 0 geq
69 1 1 60
69 1 2 after
69 1 3 1
69 8 0 geq
69 8 1 76
69 8 2 after
69 8 3 2
69 2 0 geq
69 2 1 60
69 2 2 at
69 2 3 3
69 7 0 geq
69 7 1 19
69 7 2 after
69 7 3 8
70 3 0 geq
70 3 1 45
70 3 2 at
70 3 3 8
70 1 0 geq
70 1 1 60
70 1 2 after
70 1 3 2
70 6 0 gt
70 6 1 50
70 6 2 after
70 7 0 geq
70 7 1 21
70 7 2 after
70 7 3 9
70 2 0 geq
70 2 1 60
70 2 2 after
70 2 3 2
70 8 0 geq
70 8 1 54
70 8 2 after
70 8 3 1
71 6 0 geq
71 6 1 50
71 6 2 after
71 7 0 gt
71 7 1 23
71 7 2 within
71 7 3 10
71 7 4 9
71 3 0 geq
71 3 1 45
71 3 2 at
71 3 3 6
71 5 0 geq
71 5 1 40
71 5 2 before
71 5 3 7
71 2 0 geq
71 2 1 45
71 2 2 at
71 2 3 4
71 8 0 gt
71 8 1 57
71 8 2 at
71 8 3 8
72 6 0 gt
72 6 1 61
72 6 2 after
72 4 0 eq
72 4 1 60
72 4 2 at
72 4 3 5
72 5 0 gt
72 5 1 19
72 5 2 within
72 5 3 8
72 5 4 11
72 3 0 geq
72 3 1 45
72 3 2 after
72 3 3 7
72 4 0 eq
72 4 1 75
72 4 2 after
72 4 3 2
72 5 0 gt
72 5 1 21
72 5 2 before
72 5 3 2
72 6 0 geq
72 6 1 63
72 6 2 after
72 3 0 geq
72 3 1 60
72 3 2 before
72 3 3 10
72 4 0 eq
72 4 1 60
72 4 2 at
72 4 3 7
72 5 0 gt
72 5 1 24
72 5 2 after
72 5 3 2
72 6 0 gt
72 6 1 54
72 6 2 at
72 3 0 geq
72 3 1 45
72 3 2 after
72 3 3 9
72 4 0 eq
72 4 1 60
72 4 2 before
72 4 3 8
72 6 0 geq
72 6 1 52
72 6 2 before
72 5 0 geq
72 5 1 26
72 5 2 at
72 5 3 10
72 3 0 geq
72 3 1 45
72 3 2 after
72 3 3 4
72 6 0 gt
72 6 1 58
72 6 2 at
72 4 0 eq
72 4 1 120
72 4 2 before
72 4 3 11
72 5 0 gt
72 5 1 23
72 5 2 within
72 5 3 5
72 5 4 8
72 3 0 geq
72 3 1 45
72 3 2 within
72 3 3 11
72 3 4 4
72 4 0 eq
72 4 1 60
72 4 2 at
72 4 3 8
72 5 0 gt
72 5 1 26
72 5 2 at
72 5 3 4
72 3 0 geq
72 3 1 60
72 3 2 at
72 3 3 6
72 6 0 gt
72 6 1 61
72 6 2 before
72 4 0 eq
72 4 1 75
72 4 2 within
72 4 3 3
72 4 4 9
72 6 0 gt
72 6 1 65
72 6 2 at
72 3 0 geq
72 3 1 45
72 3 2 within
72 3 3 7
72 3 4 9
72 5 0 geq
72 5 1 40
72 5 2 before
72 5 3 8
72 6 0 gt
72 6 1 58
72 6 2 after
72 5 0 geq
72 5 1 33
72 5 2 within
72 5 3 11
72 5 4 5
72 3 0 geq
72 3 1 60
72 3 2 within
72 3 3 4
72 3 4 9
72 4 0 eq
72 4 1 150
72 4 2 within
72 4 3 10
72 4 4 7
72 4 0 eq
72 4 1 60
72 4 2 before
72 4 3 11
72 6 0 geq
72 6 1 50
72 6 2 after
72 5 0 geq
72 5 1 15
72 5 2 before
72 5 3 3
72 3 0 geq
72 3 1 60
72 3 2 at
72 3 3 4
72 6 0 geq
72 6 1 65
72 6 2 at
72 3 0 geq
72 3 1 60
72 3 2 at
72 3 3 4
72 5 0 geq
72 5 1 37
72 5 2 within
72 5 3 8
72 5 4 6
72 4 0 eq
72 4 1 150
72 4 2 at
72 4 3 10
72 6 0 gt
72 6 1 60
72 6 2 at
72 4 0 eq
72 4 1 120
72 4 2 before
72 4 3 6
72 5 0 geq
72 5 1 21
72 5 2 at
72 5 3 2
72 3 0 geq
72 3 1 45
72 3 2 at
72 3 3 11
72 6 0 gt
72 6 1 53
72 6 2 before
72 3 0 geq
72 3 1 45
72 3 2 within
72 3 3 10
72 3 4 6
72 4 0 eq
72 4 1 120
72 4 2 within
72 4 3 9
72 4 4 10
72 5 0 gt
72 5 1 32
72 5 2 before
72 5 3 6
72 5 0 geq
72 5 1 32
72 5 2 within
72 5 3 6
72 5 4 10
72 6 0 geq
72 6 1 51
72 6 2 at
72 3 0 geq
72 3 1 60
72 3 2 before
72 3 3 4
72 4 0 eq
72 4 1 75
72 4 2 at
72 4 3 4
72 3 0 geq
72 3 1 60
72 3 2 after
72 3 3 3
72 6 0 gt
72 6 1 57
72 6 2 before
72 4 0 eq
72 4 1 120
72 4 2 after
72 4 3 6
72 5 0 gt
72 5 1 16
72 5 2 after
72 5 3 1
72 4 0 eq
72 4 1 75
72 4 2 within
72 4 3 11
72 4 4 10
72 5 0 gt
72 5 1 31
72 5 2 within
72 5 3 3
72 5 4 9
72 3 0 geq
72 3 1 60
72 3 2 within
72 3 3 7
72 3 4 11
72 6 0 geq
72 6 1 58
72 6 2 after
72 4 0 eq
72 4 1 60
72 4 2 after
72 4 3 6
72 6 0 geq
72 6 1 55
72 6 2 before
72 5 0 geq
72 5 1 21
72 5 2 at
72 5 3 9
72 3 0 geq
72 3 1 60
72 3 2 within
72 3 3 7
72 3 4 10
72 6 0 geq
72 6 1 56
72 6 2 after
72 3 0 geq
72 3 1 45
72 3 2 after
72 3 3 5
72 5 0 gt
72 5 1 28
72 5 2 at
72 5 3 3
72 4 0 eq
72 4 1 150
72 4 2 after
72 4 3 1
72 6 0 gt
72 6 1 50
72 6 2 before
72 4 0 eq
72 4 1 75
72 4 2 at
72 4 3 6
72 5 0 geq
72 5 1 16
72 5 2 after
72 5 3 3
72 3 0 geq
72 3 1 45
72 3 2 at
72 3 3 3
72 3 0 geq
72 3 1 45
72 3 2 before
72 3 3 3
72 6 0 gt
72 6 1 62
72 6 2 before
72 4 0 eq
72 4 1 150
72 4 2 at
72 4 3 6
72 5 0 gt
72 5 1 22
72 5 2 before
72 5 3 5
72 6 0 gt
72 6 1 59
72 6 2 before
72 5 0 geq
72 5 1 24
72 5 2 within
72 5 3 3
72 5 4 8
72 3 0 geq
72 3 1 60
72 3 2 within
72 3 3 10
72 3 4 5
72 4 0 eq
72 4 1 75
72 4 2 before
72 4 3 6
72 3 0 geq
72 3 1 60
72 3 2 within
72 3 3 4
72 3 4 9
72 4 0 eq
72 4 1 60
72 4 2 after
72 4 3 5
72 5 0 geq
72 5 1 35
72 5 2 before
72 5 3 9
72 6 0 gt
72 6 1 51
72 6 2 after
72 3 0 geq
72 3 1 60
72 3 2 at
72 3 3 6
72 5 0 gt
72 5 1 28
72 5 2 after
72 5 3 1
72 4 0 eq
72 4 1 120
72 4 2 within
72 4 3 11
72 4 4 4
72 6 0 geq
72 6 1 57
72 6 2 at
72 5 0 geq
72 5 1 25
72 5 2 before
72 5 3 3
72 4 0 eq
72 4 1 120
72 4 2 before
72 4 3 8
72 6 0 gt
72 6 1 62
72 6 2 at
72 3 0 geq
72 3 1 60
72 3 2 before
72 3 3 11
72 3 0 geq
72 3 1 45
72 3 2 within
72 3 3 6
72 3 4 3
72 4 0 eq
72 4 1 75
72 4 2 before
72 4 3 4
72 5 0 geq
72 5 1 27
72 5 2 at
72 5 3 3
72 6 0 geq
72 6 1 53
72 6 2 at
72 5 0 gt
72 5 1 25
72 5 2 within
72 5 3 11
72 5 4 3
72 3 0 geq
72 3 1 45
72 3 2 after
72 3 3 2
72 6 0 gt
72 6 1 56
72 6 2 before
72 4 0 eq
72 4 1 60
72 4 2 before
72 4 3 7
72 3 0 geq
72 3 1 60
72 3 2 at
72 3 3 6
72 5 0 gt
72 5 1 22
72 5 2 after
72 5 3 2
72 4 0 eq
72 4 1 150
72 4 2 at
72 4 3 4
72 6 0 gt
72 6 1 63
72 6 2 at
72 6 0 geq
72 6 1 63
72 6 2 before
72 4 0 eq
72 4 1 75
72 4 2 after
72 4 3 3
72 5 0 gt
72 5 1 22
72 5 2 at
72 5 3 3
72 3 0 geq
72 3 1 45
72 3 2 after
72 3 3 8
72 5 0 gt
72 5 1 33
72 5 2 at
72 5 3 8
72 4 0 eq
72 4 1 60
72 4 2 at
72 4 3 9
72 3 0 geq
72 3 1 60
72 3 2 before
72 3 3 7
72 6 0 gt
72 6 1 62
72 6 2 after
72 5 0 gt
72 5 1 36
72 5 2 at
72 5 3 6
72 3 0 geq
72 3 1 60
72 3 2 at
72 3 3 7
72 4 0 eq
72 4 1 150
72 4 2 within
72 4 3 8
72 4 4 4
72 6 0 gt
72 6 1 62
72 6 2 before
72 4 0 eq
72 4 1 75
72 4 2 before
72 4 3 11
72 5 0 gt
72 5 1 19
72 5 2 at
72 5 3 3
72 6 0 gt
72 6 1 57
72 6 2 after
72 3 0 geq
72 3 1 60
72 3 2 before
72 3 3 3
72 3 0 geq
72 3 1 60
72 3 2 before
72 3 3 9
72 5 0 gt
72 5 1 37
72 5 2 after
72 5 3 6
72 6 0 geq
72 6 1 61
72 6 2 after
72 4 0 eq
72 4 1 75
72 4 2 before
72 4 3 6
72 3 0 geq
72 3 1 45
72 3 2 within
72 3 3 4
72 3 4 7
72 4 0 eq
72 4 1 120
72 4 2 within
72 4 3 9
72 4 4 8
72 6 0 geq
72 6 1 55
72 6 2 at
72 5 0 gt
72 5 1 28
72 5 2 before
72 5 3 6
72 3 0 geq
72 3 1 60
72 3 2 at
72 3 3 3
72 5 0 gt
72 5 1 39
72 5 2 at
72 5 3 7
72 4 0 eq
72 4 1 75
72 4 2 before
72 4 3 5
72 6 0 gt
72 6 1 57
72 6 2 after
72 3 0 geq
72 3 1 45
72 3 2 at
72 3 3 3
72 6 0 geq
72 6 1 65
72 6 2 before
72 5 0 gt
72 5 1 39
72 5 2 at
72 5 3 9
72 4 0 eq
72 4 1 150
72 4 2 after
72 4 3 2
72 3 0 geq
72 3 1 45
72 3 2 at
72 3 3 3
72 5 0 geq
72 5 1 31
72 5 2 after
72 5 3 5
72 6 0 gt
72 6 1 52
72 6 2 before
72 4 0 eq
72 4 1 120
72 4 2 at
72 4 3 5
72 4 0 eq
72 4 1 75
72 4 2 after
72 4 3 1
72 5 0 gt
72 5 1 23
72 5 2 within
72 5 3 10
72 5 4 8
72 6 0 gt
72 6 1 52
72 6 2 at
72 3 0 geq
72 3 1 60
72 3 2 after
72 3 3 6
72 5 0 gt
72 5 1 30
72 5 2 before
72 5 3 9
72 3 0 geq
72 3 1 45
72 3 2 within
72 3 3 5
72 3 4 6
72 4 0 eq
72 4 1 150
72 4 2 before
72 4 3 5
72 6 0 gt
72 6 1 51
72 6 2 at
72 3 0 geq
72 3 1 45
72 3 2 before
72 3 3 9
72 6 0 gt
72 6 1 54
72 6 2 before
72 5 0 gt
72 5 1 36
72 5 2 at
72 5 3 10
72 4 0 eq
72 4 1 150
72 4 2 before
72 4 3 4
72 5 0 geq
72 5 1 38
72 5 2 before
72 5 3 5
72 4 0 eq
72 4 1 75
72 4 2 before
72 4 3 8
72 6 0 gt
72 6 1 53
72 6 2 after
72 3 0 geq
72 3 1 60
72 3 2 before
72 3 3 10
72 3 0 geq
72 3 1 45
72 3 2 before
72 3 3 10
72 4 0 eq
72 4 1 150
72 4 2 before
72 4 3 10
72 5 0 geq
72 5 1 15
72 5 2 before
72 5 3 5
72 6 0 geq
72 6 1 59
72 6 2 after
72 3 0 geq
72 3 1 60
72 3 2 after
72 3 3 9
72 5 0 gt
72 5 1 25
72 5 2 before
72 5 3 11
72 4 0 eq
72 4 1 120
72 4 2 within
72 4 3 9
72 4 4 5
72 6 0 gt
72 6 1 55
72 6 2 at
72 5 0 gt
72 5 1 37
72 5 2 before
72 5 3 10
72 3 0 geq
72 3 1 60
72 3 2 before
72 3 3 11
72 6 0 gt
72 6 1 59
72 6 2 at
72 4 0 eq
72 4 1 60
72 4 2 at
72 4 3 4
72 4 0 eq
72 4 1 75
72 4 2 within
72 4 3 7
72 4 4 10
72 3 0 geq
72 3 1 60
72 3 2 before
72 3 3 5
72 6 0 geq
72 6 1 65
72 6 2 after
72 5 0 gt
72 5 1 19
72 5 2 within
72 5 3 9
72 5 4 2
72 5 0 gt
72 5 1 37
72 5 2 at
72 5 3 4
72 4 0 eq
72 4 1 150
72 4 2 at
72 4 3 10
72 3 0 geq
72 3 1 60
72 3 2 within
72 3 3 5
72 3 4 8
72 6 0 geq
72 6 1 59
72 6 2 before
72 5 0 gt
72 5 1 19
72 5 2 at
72 5 3 7
72 3 0 geq
72 3 1 45
72 3 2 at
72 3 3 6
72 6 0 gt
72 6 1 56
72 6 2 before
72 4 0 eq
72 4 1 120
72 4 2 within
72 4 3 6
72 4 4 7
72 5 0 gt
72 5 1 25
72 5 2 after
72 5 3 1
72 4 0 eq
72 4 1 120
72 4 2 within
72 4 3 4
72 4 4 11
72 6 0 gt
72 6 1 55
72 6 2 before
72 3 0 geq
72 3 1 60
72 3 2 within
72 3 3 7
72 3 4 9
72 4 0 eq
72 4 1 150
72 4 2 before
72 4 3 10
72 5 0 geq
72 5 1 36
72 5 2 after
72 5 3 7
72 3 0 geq
72 3 1 60
72 3 2 at
72 3 3 11
72 6 0 geq
72 6 1 51
72 6 2 at
72 5 0 geq
72 5 1 28
72 5 2 after
72 5 3 8
72 6 0 gt
72 6 1 52
72 6 2 after
72 4 0 eq
72 4 1 60
72 4 2 before
72 4 3 9
72 3 0 geq
72 3 1 60
72 3 2 before
72 3 3 11
72 6 0 geq
72 6 1 53
72 6 2 before
72 5 0 geq
72 5 1 18
72 5 2 at
72 5 3 9
72 3 0 geq
72 3 1 60
72 3 2 within
72 3 3 11
72 3 4 6
72 4 0 eq
72 4 1 75
72 4 2 after
72 4 3 5
72 3 0 geq
72 3 1 60
72 3 2 after
72 3 3 3
72 4 0 eq
72 4 1 150
72 4 2 after
72 4 3 6
72 5 0 geq
72 5 1 33
72 5 2 at
72 5 3 9
72 6 0 gt
72 6 1 50
72 6 2 before
72 6 0 gt
72 6 1 50
72 6 2 at
72 4 0 eq
72 4 1 75
72 4 2 at
72 4 3 6
72 5 0 geq
72 5 1 25
72 5 2 within
72 5 3 9
72 5 4 8
72 3 0 geq
72 3 1 45
72 3 2 after
72 3 3 4
72 6 0 geq
72 6 1 53
72 6 2 before
72 3 0 geq
72 3 1 45
72 3 2 before
72 3 3 5
72 5 0 gt
72 5 1 28
72 5 2 before
72 5 3 3
72 4 0 eq
72 4 1 120
72 4 2 before
72 4 3 7
72 5 0 gt
72 5 1 33
72 5 2 within
72 5 3 10
72 5 4 6
72 4 0 eq
72 4 1 150
72 4 2 after
72 4 3 8
72 3 0 geq
72 3 1 60
72 3 2 after
72 3 3 3
72 6 0 geq
72 6 1 54
72 6 2 after
72 6 0 geq
72 6 1 59
72 6 2 after
72 3 0 geq
72 3 1 60
72 3 2 within
72 3 3 11
72 3 4 4
72 5 0 geq
72 5 1 29
72 5 2 within
72 5 3 9
72 5 4 8
72 4 0 eq
72 4 1 150
72 4 2 within
72 4 3 6
72 4 4 4
72 6 0 gt
72 6 1 59
72 6 2 at
72 4 0 eq
72 4 1 75
72 4 2 before
72 4 3 5
72 5 0 geq
72 5 1 39
72 5 2 before
72 5 3 5
72 3 0 geq
72 3 1 60
72 3 2 after
72 3 3 5
72 5 0 gt
72 5 1 34
72 5 2 after
72 5 3 1
72 3 0 geq
72 3 1 60
72 3 2 before
72 3 3 6
72 6 0 geq
72 6 1 55
72 6 2 at
72 4 0 eq
72 4 1 75
72 4 2 after
72 4 3 6
72 4 0 eq
72 4 1 75
72 4 2 after
72 4 3 1
72 3 0 geq
72 3 1 60
72 3 2 before
72 3 3 9
72 5 0 geq
72 5 1 26
72 5 2 within
72 5 3 6
72 5 4 11
72 6 0 gt
72 6 1 62
72 6 2 before
72 6 0 geq
72 6 1 51
72 6 2 before
72 4 0 eq
72 4 1 60
72 4 2 at
72 4 3 5
72 3 0 geq
72 3 1 60
72 3 2 within
72 3 3 3
72 3 4 7
72 5 0 gt
72 5 1 39
72 5 2 before
72 5 3 6
72 3 0 geq
72 3 1 60
72 3 2 within
72 3 3 4
72 3 4 8
72 6 0 geq
72 6 1 52
72 6 2 before
72 4 0 eq
72 4 1 60
72 4 2 at
72 4 3 6
72 5 0 geq
72 5 1 22
72 5 2 before
72 5 3 11
72 4 0 eq
72 4 1 150
72 4 2 after
72 4 3 1
72 5 0 geq
72 5 1 27
72 5 2 at
72 5 3 10
72 6 0 geq
72 6 1 55
72 6 2 at
72 3 0 geq
72 3 1 45
72 3 2 within
72 3 3 6
72 3 4 5
72 5 0 geq
72 5 1 21
72 5 2 before
72 5 3 10
72 3 0 geq
72 3 1 45
72 3 2 before
72 3 3 10
72 4 0 eq
72 4 1 60
72 4 2 at
72 4 3 9
72 6 0 geq
72 6 1 53
72 6 2 before
72 3 0 geq
72 3 1 45
72 3 2 at
72 3 3 11
72 6 0 geq
72 6 1 64
72 6 2 before
72 4 0 eq
72 4 1 60
72 4 2 within
72 4 3 8
72 4 4 5
72 5 0 geq
72 5 1 22
72 5 2 after
72 5 3 6
72 5 0 geq
72 5 1 38
72 5 2 before
72 5 3 10
72 4 0 eq
72 4 1 60
72 4 2 before
72 4 3 8
72 3 0 geq
72 3 1 45
72 3 2 after
72 3 3 4
72 6 0 geq
72 6 1 57
72 6 2 after
72 4 0 eq
72 4 1 75
72 4 2 within
72 4 3 3
72 4 4 7
72 5 0 geq
72 5 1 22
72 5 2 before
72 5 3 9
72 6 0 gt
72 6 1 63
72 6 2 before
72 3 0 geq
72 3 1 45
72 3 2 before
72 3 3 5
72 4 0 eq
72 4 1 75
72 4 2 at
72 4 3 10
72 5 0 geq
72 5 1 19
72 5 2 after
72 5 3 6
72 6 0 gt
72 6 1 61
72 6 2 after
72 3 0 geq
72 3 1 45
72 3 2 before
72 3 3 4
72 3 0 geq
72 3 1 60
72 3 2 after
72 3 3 6
72 5 0 geq
72 5 1 29
72 5 2 after
72 5 3 4
72 6 0 geq
72 6 1 65
72 6 2 after
72 4 0 eq
72 4 1 120
72 4 2 after
72 4 3 1
72 3 0 geq
72 3 1 45
72 3 2 after
72 3 3 5
72 5 0 geq
72 5 1 30
72 5 2 at
72 5 3 7
72 4 0 eq
72 4 1 120
72 4 2 after
72 4 3 1
72 6 0 gt
72 6 1 60
72 6 2 after
72 6 0 gt
72 6 1 56
72 6 2 after
72 4 0 eq
72 4 1 120
72 4 2 within
72 4 3 10
72 4 4 9
72 3 0 geq
72 3 1 60
72 3 2 within
72 3 3 11
72 3 4 5
72 5 0 gt
72 5 1 36
72 5 2 after
72 5 3 1
72 6 0 geq
72 6 1 52
72 6 2 after
72 4 0 eq
72 4 1 120
72 4 2 before
72 4 3 9
72 5 0 gt
72 5 1 17
72 5 2 before
72 5 3 9
72 3 0 geq
72 3 1 45
72 3 2 within
72 3 3 7
72 3 4 5
72 6 0 geq
72 6 1 63
72 6 2 at
72 5 0 geq
72 5 1 30
72 5 2 before
72 5 3 8
72 4 0 eq
72 4 1 150
72 4 2 within
72 4 3 10
72 4 4 9
72 3 0 geq
72 3 1 60
72 3 2 after
72 3 3 6
72 4 0 eq
72 4 1 60
72 4 2 after
72 4 3 5
72 3 0 geq
72 3 1 60
72 3 2 at
72 3 3 5
72 6 0 geq
72 6 1 64
72 6 2 before
72 5 0 geq
72 5 1 40
72 5 2 before
72 5 3 6
72 7 0 gt
72 7 1 18
72 7 2 at
72 7 3 11
72 1 0 geq
72 1 1 60
72 1 2 after
72 1 3 5
72 1 0 geq
72 1 1 60
72 1 2 within
72 1 3 3
72 1 4 10
72 7 0 gt
72 7 1 17
72 7 2 after
72 7 3 5
72 7 0 geq
72 7 1 20
72 7 2 at
72 7 3 9
72 1 0 geq
72 1 1 60
72 1 2 within
72 1 3 6
72 1 4 3
72 7 0 geq
72 7 1 21
72 7 2 within
72 7 3 11
72 7 4 10
72 1 0 geq
72 1 1 60
72 1 2 before
72 1 3 10
72 7 0 gt
72 7 1 22
72 7 2 at
72 7 3 11
72 1 0 geq
72 1 1 60
72 1 2 within
72 1 3 7
72 1 4 5
72 7 0 geq
72 7 1 22
72 7 2 before
72 7 3 3
72 1 0 geq
72 1 1 45
72 1 2 after
72 1 3 8
72 7 0 gt
72 7 1 22
72 7 2 at
72 7 3 5
72 1 0 geq
72 1 1 45
72 1 2 after
72 1 3 9
72 7 0 gt
72 7 1 17
72 7 2 within
72 7 3 4
72 7 4 11
72 1 0 geq
72 1 1 60
72 1 2 before
72 1 3 7
72 7 0 gt
72 7 1 24
72 7 2 at
72 7 3 3
72 1 0 geq
72 1 1 45
72 1 2 at
72 1 3 3
72 7 0 gt
72 7 1 24
72 7 2 before
72 7 3 10
72 1 0 geq
72 1 1 60
72 1 2 after
72 1 3 9
72 7 0 gt
72 7 1 21
72 7 2 within
72 7 3 8
72 7 4 10
72 1 0 geq
72 1 1 60
72 1 2 after
72 1 3 7
72 1 0 geq
72 1 1 60
72 1 2 after
72 1 3 9
72 7 0 geq
72 7 1 24
72 7 2 at
72 7 3 11
72 1 0 geq
72 1 1 60
72 1 2 within
72 1 3 3
72 1 4 5
72 7 0 gt
72 7 1 18
72 7 2 within
72 7 3 5
72 7 4 3
72 7 0 gt
72 7 1 23
72 7 2 within
72 7 3 11
72 7 4 8
72 1 0 geq
72 1 1 45
72 1 2 before
72 1 3 11
72 1 0 geq
72 1 1 45
72 1 2 within
72 1 3 6
72 1 4 3
72 7 0 geq
72 7 1 18
72 7 2 before
72 7 3 7
72 1 0 geq
72 1 1 45
72 1 2 before
72 1 3 10
72 7 0 geq
72 7 1 19
72 7 2 within
72 7 3 3
72 7 4 8
72 7 0 geq
72 7 1 18
72 7 2 within
72 7 3 5
72 7 4 8
72 1 0 geq
72 1 1 45
72 1 2 within
72 1 3 3
72 1 4 5
72 1 0 geq
72 1 1 45
72 1 2 after
72 1 3 9
72 7 0 gt
72 7 1 23
72 7 2 before
72 7 3 6
72 7 0 geq
72 7 1 17
72 7 2 after
72 7 3 6
72 1 0 geq
72 1 1 60
72 1 2 after
72 1 3 3
72 7 0 gt
72 7 1 24
72 7 2 within
72 7 3 7
72 7 4 8
72 1 0 geq
72 1 1 45
72 1 2 at
72 1 3 4
72 7 0 gt
72 7 1 24
72 7 2 at
72 7 3 10
72 1 0 geq
72 1 1 60
72 1 2 before
72 1 3 5
72 1 0 geq
72 1 1 60
72 1 2 within
72 1 3 9
72 1 4 3
72 7 0 geq
72 7 1 24
72 7 2 within
72 7 3 7
72 7 4 10
72 7 0 gt
72 7 1 23
72 7 2 before
72 7 3 9
72 1 0 geq
72 1 1 60
72 1 2 within
72 1 3 9
72 1 4 8
72 7 0 geq
72 7 1 19
72 7 2 before
72 7 3 6
72 1 0 geq
72 1 1 45
72 1 2 before
72 1 3 6
72 1 0 geq
72 1 1 45
72 1 2 at
72 1 3 5
72 7 0 geq
72 7 1 19
72 7 2 before
72 7 3 4
72 7 0 geq
72 7 1 20
72 7 2 after
72 7 3 3
72 1 0 geq
72 1 1 60
72 1 2 within
72 1 3 7
72 1 4 6
72 7 0 geq
72 7 1 19
72 7 2 at
72 7 3 10
72 1 0 geq
72 1 1 60
72 1 2 at
72 1 3 5
72 1 0 geq
72 1 1 60
72 1 2 within
72 1 3 4
72 1 4 7
72 7 0 gt
72 7 1 17
72 7 2 after
72 7 3 5
72 7 0 geq
72 7 1 21
72 7 2 after
72 7 3 1
72 1 0 geq
72 1 1 45
72 1 2 before
72 1 3 6
72 7 0 geq
72 7 1 23
72 7 2 before
72 7 3 6
72 1 0 geq
72 1 1 60
72 1 2 after
72 1 3 2
72 7 0 geq
72 7 1 17
72 7 2 before
72 7 3 8
72 1 0 geq
72 1 1 45
72 1 2 before
72 1 3 3
72 1 0 geq
72 1 1 60
72 1 2 before
72 1 3 6
72 7 0 gt
72 7 1 20
72 7 2 at
72 7 3 9
72 1 0 geq
72 1 1 45
72 1 2 at
72 1 3 4
72 7 0 gt
72 7 1 18
72 7 2 at
72 7 3 11
72 1 0 geq
72 1 1 60
72 1 2 after
72 1 3 4
72 7 0 gt
72 7 1 21
72 7 2 within
72 7 3 5
72 7 4 9
72 7 0 gt
72 7 1 17
72 7 2 within
72 7 3 7
72 7 4 2
72 1 0 geq
72 1 1 45
72 1 2 before
72 1 3 11
72 7 0 geq
72 7 1 24
72 7 2 at
72 7 3 4
72 1 0 geq
72 1 1 60
72 1 2 after
72 1 3 8
72 1 0 geq
72 1 1 45
72 1 2 before
72 1 3 7
72 7 0 geq
72 7 1 19
72 7 2 before
72 7 3 3
72 7 0 gt
72 7 1 17
72 7 2 before
72 7 3 5
72 1 0 geq
72 1 1 45
72 1 2 before
72 1 3 11
72 1 0 geq
72 1 1 45
72 1 2 after
72 1 3 1
72 7 0 gt
72 7 1 20
72 7 2 before
72 7 3 5
72 1 0 geq
72 1 1 60
72 1 2 after
72 1 3 9
72 7 0 gt
72 7 1 21
72 7 2 before
72 7 3 11
72 7 0 geq
72 7 1 24
72 7 2 at
72 7 3 6
72 1 0 geq
72 1 1 60
72 1 2 before
72 1 3 4
72 7 0 gt
72 7 1 21
72 7 2 before
72 7 3 9
72 1 0 geq
72 1 1 60
72 1 2 after
72 1 3 7
72 1 0 geq
72 1 1 45
72 1 2 after
72 1 3 4
72 7 0 geq
72 7 1 20
72 7 2 within
72 7 3 8
72 7 4 11
72 1 0 geq
72 1 1 60
72 1 2 after
72 1 3 6
72 7 0 geq
72 7 1 21
72 7 2 at
72 7 3 8
72 1 0 geq
72 1 1 60
72 1 2 within
72 1 3 6
72 1 4 10
72 7 0 gt
72 7 1 24
72 7 2 at
72 7 3 7
72 7 0 geq
72 7 1 22
72 7 2 after
72 7 3 9
72 1 0 geq
72 1 1 45
72 1 2 at
72 1 3 11
72 7 0 gt
72 7 1 24
72 7 2 before
72 7 3 9
72 1 0 geq
72 1 1 60
72 1 2 within
72 1 3 6
72 1 4 4
72 7 0 geq
72 7 1 23
72 7 2 within
72 7 3 11
72 7 4 7
72 1 0 geq
72 1 1 45
72 1 2 before
72 1 3 4
72 1 0 geq
72 1 1 60
72 1 2 within
72 1 3 7
72 1 4 4
72 7 0 gt
72 7 1 18
72 7 2 at
72 7 3 11
72 1 0 geq
72 1 1 45
72 1 2 at
72 1 3 10
72 7 0 gt
72 7 1 18
72 7 2 before
72 7 3 4
72 7 0 gt
72 7 1 21
72 7 2 at
72 7 3 5
72 1 0 geq
72 1 1 45
72 1 2 after
72 1 3 8
72 1 0 geq
72 1 1 45
72 1 2 after
72 1 3 2
72 7 0 geq
72 7 1 20
72 7 2 within
72 7 3 3
72 7 4 6
72 1 0 geq
72 1 1 45
72 1 2 at
72 1 3 10
72 7 0 geq
72 7 1 21
72 7 2 before
72 7 3 4
72 1 0 geq
72 1 1 45
72 1 2 within
72 1 3 5
72 1 4 7
72 7 0 geq
72 7 1 17
72 7 2 after
72 7 3 4
72 1 0 geq
72 1 1 45
72 1 2 within
72 1 3 8
72 1 4 4
72 7 0 gt
72 7 1 17
72 7 2 at
72 7 3 3
72 1 0 geq
72 1 1 45
72 1 2 within
72 1 3 7
72 1 4 6
72 7 0 gt
72 7 1 22
72 7 2 within
72 7 3 9
72 7 4 5
72 7 0 gt
72 7 1 21
72 7 2 at
72 7 3 6
72 1 0 geq
72 1 1 60
72 1 2 after
72 1 3 6
72 1 0 geq
72 1 1 45
72 1 2 within
72 1 3 11
72 1 4 9
72 7 0 gt
72 7 1 18
72 7 2 before
72 7 3 9
72 1 0 geq
72 1 1 60
72 1 2 before
72 1 3 7
72 7 0 geq
72 7 1 18
72 7 2 within
72 7 3 7
72 7 4 3
72 7 0 geq
72 7 1 18
72 7 2 at
72 7 3 3
72 1 0 geq
72 1 1 45
72 1 2 after
72 1 3 5
72 7 0 geq
72 7 1 21
72 7 2 before
72 7 3 9
72 1 0 geq
72 1 1 60
72 1 2 at
72 1 3 3
72 1 0 geq
72 1 1 60
72 1 2 before
72 1 3 9
72 7 0 gt
72 7 1 21
72 7 2 at
72 7 3 5
72 1 0 geq
72 1 1 45
72 1 2 before
72 1 3 6
72 7 0 geq
72 7 1 19
72 7 2 before
72 7 3 6
72 1 0 geq
72 1 1 45
72 1 2 after
72 1 3 1
72 7 0 gt
72 7 1 23
72 7 2 within
72 7 3 3
72 7 4 6
72 1 0 geq
72 1 1 45
72 1 2 within
72 1 3 11
72 1 4 3
72 7 0 gt
72 7 1 23
72 7 2 at
72 7 3 7
72 7 0 gt
72 7 1 24
72 7 2 within
72 7 3 6
72 7 4 10
72 1 0 geq
72 1 1 45
72 1 2 at
72 1 3 9
72 1 0 geq
72 1 1 60
72 1 2 within
72 1 3 10
72 1 4 11
72 7 0 gt
72 7 1 18
72 7 2 before
72 7 3 5
72 1 0 geq
72 1 1 45
72 1 2 within
72 1 3 9
72 1 4 10
72 7 0 gt
72 7 1 21
72 7 2 after
72 7 3 3
72 7 0 gt
72 7 1 24
72 7 2 within
72 7 3 7
72 7 4 11
72 1 0 geq
72 1 1 60
72 1 2 before
72 1 3 3
72 7 0 gt
72 7 1 17
72 7 2 within
72 7 3 3
72 7 4 6
72 1 0 geq
72 1 1 60
72 1 2 at
72 1 3 8
72 1 0 geq
72 1 1 45
72 1 2 within
72 1 3 7
72 1 4 4
72 7 0 gt
72 7 1 24
72 7 2 after
72 7 3 2
1 7 0 geq
1 7 1 22
1 7 2 after
1 7 3 7
1 1 0 geq
1 1 1 45
1 1 2 at
1 1 3 9
1 4 0 eq
1 4 1 75
1 4 2 after
1 4 3 4
1 5 0 geq
1 5 1 32
1 5 2 within
1 5 3 4
1 5 4 8
1 2 0 geq
1 2 1 45
1 2 2 within
1 2 3 11
1 2 4 9
1 8 0 gt
1 8 1 65
1 8 2 after
1 8 3 1
2 8 0 geq
2 8 1 80
2 8 2 before
2 8 3 7
2 6 0 gt
2 6 1 59
2 6 2 after
2 5 0 geq
2 5 1 23
2 5 2 at
2 5 3 10
2 3 0 geq
2 3 1 60
2 3 2 within
2 3 3 7
2 3 4 11
2 2 0 geq
2 2 1 60
2 2 2 within
2 2 3 4
2 2 4 9
2 1 0 geq
2 1 1 60
2 1 2 within
2 1 3 4
2 1 4 6
3 5 0 gt
3 5 1 19
3 5 2 within
3 5 3 4
3 5 4 6
3 8 0 geq
3 8 1 53
3 8 2 within
3 8 3 7
3 8 4 4
3 1 0 geq
3 1 1 45
3 1 2 at
3 1 3 3
3 3 0 geq
3 3 1 45
3 3 2 after
3 3 3 7
3 6 0 gt
3 6 1 53
3 6 2 after
3 2 0 geq
3 2 1 60
3 2 2 within
3 2 3 10
3 2 4 3
4 3 0 geq
4 3 1 45
4 3 2 at
4 3 3 11
4 6 0 geq
4 6 1 58
4 6 2 at
4 5 0 geq
4 5 1 21
4 5 2 within
4 5 3 5
4 5 4 10
4 8 0 gt
4 8 1 63
4 8 2 before
4 8 3 7
4 7 0 geq
4 7 1 19
4 7 2 at
4 7 3 4
4 2 0 geq
4 2 1 60
4 2 2 within
4 2 3 8
4 2 4 11
5 5 0 geq
5 5 1 24
5 5 2 at
5 5 3 5
5 8 0 gt
5 8 1 74
5 8 2 within
5 8 3 9
5 8 4 8
5 1 0 geq
5 1 1 45
5 1 2 at
5 1 3 6
5 7 0 gt
5 7 1 23
5 7 2 after
5 7 3 5
5 3 0 geq
5 3 1 60
5 3 2 within
5 3 3 8
5 3 4 5
5 2 0 geq
5 2 1 45
5 2 2 after
5 2 3 1
6 8 0 geq
6 8 1 70
6 8 2 within
6 8 3 10
6 8 4 7
6 4 0 eq
6 4 1 150
6 4 2 at
6 4 3 11
6 3 0 geq
6 3 1 60
6 3 2 within
6 3 3 11
6 3 4 3
6 7 0 geq
6 7 1 18
6 7 2 at
6 7 3 6
6 5 0 gt
6 5 1 30
6 5 2 before
6 5 3 10
6 1 0 geq
6 1 1 60
6 1 2 within
6 1 3 5
6 1 4 10
7 5 0 gt
7 5 1 40
7 5 2 before
7 5 3 5
7 6 0 geq
7 6 1 52
7 6 2 after
7 2 0 geq
7 2 1 45
7 2 2 within
7 2 3 10
7 2 4 7
7 4 0 eq
7 4 1 60
7 4 2 within
7 4 3 7
7 4 4 11
7 7 0 gt
7 7 1 22
7 7 2 before
7 7 3 8
7 1 0 geq
7 1 1 45
7 1 2 after
7 1 3 5
8 3 0 geq
8 3 1 45
8 3 2 before
8 3 3 3
8 2 0 geq
8 2 1 45
8 2 2 at
8 2 3 9
8 8 0 geq
8 8 1 68
8 8 2 at
8 8 3 5
8 4 0 eq
8 4 1 150
8 4 2 after
8 4 3 7
8 6 0 gt
8 6 1 50
8 6 2 before
8 1 0 geq
8 1 1 45
8 1 2 within
8 1 3 3
8 1 4 9
9 3 0 geq
9 3 1 45
9 3 2 after
9 3 3 4
9 4 0 eq
9 4 1 60
9 4 2 at
9 4 3 9
9 2 0 geq
9 2 1 60
9 2 2 before
9 2 3 3
9 1 0 geq
9 1 1 60
9 1 2 after
9 1 3 2
9 5 0 gt
9 5 1 17
9 5 2 within
9 5 3 10
9 5 4 4
9 8 0 geq
9 8 1 56
9 8 2 after
9 8 3 3
10 5 0 gt
10 5 1 32
10 5 2 before
10 5 3 7
10 2 0 geq
10 2 1 45
10 2 2 at
10 2 3 4
10 4 0 eq
10 4 1 150
10 4 2 after
10 4 3 4
10 6 0 gt
10 6 1 52
10 6 2 at
10 7 0 gt
10 7 1 19
10 7 2 before
10 7 3 4
10 3 0 geq
10 3 1 60
10 3 2 at
10 3 3 9
11 2 0 geq
11 2 1 45
11 2 2 within
11 2 3 5
11 2 4 9
11 8 0 geq
11 8 1 68
11 8 2 at
11 8 3 6
11 7 0 geq
11 7 1 19
11 7 2 within
11 7 3 5
11 7 4 9
11 1 0 geq
11 1 1 45
11 1 2 at
11 1 3 11
11 6 0 gt
11 6 1 54
11 6 2 before
11 5 0 gt
11 5 1 29
11 5 2 before
11 5 3 10
12 4 0 eq
12 4 1 60
12 4 2 after
12 4 3 1
12 8 0 gt
12 8 1 68
12 8 2 within
12 8 3 10
12 8 4 4
12 6 0 gt
12 6 1 57
12 6 2 before
12 5 0 geq
12 5 1 28
12 5 2 before
12 5 3 10
12 3 0 geq
12 3 1 45
12 3 2 after
12 3 3 2
12 1 0 geq
12 1 1 60
12 1 2 before
12 1 3 3
13 8 0 geq
13 8 1 76
13 8 2 before
13 8 3 4
13 4 0 eq
13 4 1 150
13 4 2 within
13 4 3 6
13 4 4 11
13 3 0 geq
13 3 1 45
13 3 2 within
13 3 3 4
13 3 4 10
13 1 0 geq
13 1 1 60
13 1 2 before
13 1 3 10
13 7 0 geq
13 7 1 20
13 7 2 after
13 7 3 7
13 6 0 gt
13 6 1 56
13 6 2 at
14 5 0 gt
14 5 1 37
14 5 2 at
14 5 3 9
14 8 0 geq
14 8 1 51
14 8 2 before
14 8 3 8
14 1 0 geq
14 1 1 60
14 1 2 before
14 1 3 3
14 4 0 eq
14 4 1 75
14 4 2 before
14 4 3 10
14 7 0 geq
14 7 1 21
14 7 2 before
14 7 3 11
14 6 0 geq
14 6 1 57
14 6 2 before
15 5 0 gt
15 5 1 35
15 5 2 within
15 5 3 4
15 5 4 6
15 7 0 geq
15 7 1 22
15 7 2 within
15 7 3 9
15 7 4 5
15 2 0 geq
15 2 1 45
15 2 2 at
15 2 3 11
15 8 0 geq
15 8 1 62
15 8 2 after
15 8 3 4
15 4 0 eq
15 4 1 75
15 4 2 after
15 4 3 3
15 6 0 geq
15 6 1 62
15 6 2 after
16 1 0 geq
16 1 1 45
16 1 2 before
16 1 3 5
16 3 0 geq
16 3 1 60
16 3 2 after
16 3 3 5
16 8 0 gt
16 8 1 62
16 8 2 after
16 8 3 1
16 7 0 gt
16 7 1 24
16 7 2 within
16 7 3 5
16 7 4 4
16 5 0 geq
16 5 1 31
16 5 2 after
16 5 3 8
16 2 0 geq
16 2 1 60
16 2 2 at
16 2 3 5
17 7 0 gt
17 7 1 19
17 7 2 at
17 7 3 3
17 8 0 geq
17 8 1 56
17 8 2 within
17 8 3 6
17 8 4 10
17 6 0 geq
17 6 1 57
17 6 2 after
17 5 0 gt
17 5 1 21
17 5 2 before
17 5 3 3
17 2 0 geq
17 2 1 45
17 2 2 after
17 2 3 4
17 1 0 geq
17 1 1 45
17 1 2 within
17 1 3 6
17 1 4 7
18 4 0 eq
18 4 1 75
18 4 2 after
18 4 3 9
18 2 0 geq
18 2 1 60
18 2 2 at
18 2 3 11
18 6 0 gt
18 6 1 60
18 6 2 after
18 3 0 geq
18 3 1 45
18 3 2 after
18 3 3 9
18 5 0 gt
18 5 1 35
18 5 2 before
18 5 3 9
18 7 0 geq
18 7 1 24
18 7 2 at
18 7 3 11
19 7 0 gt
19 7 1 18
19 7 2 before
19 7 3 4
19 3 0 geq
19 3 1 60
19 3 2 at
19 3 3 7
19 6 0 geq
19 6 1 53
19 6 2 at
19 4 0 eq
19 4 1 60
19 4 2 after
19 4 3 5
19 8 0 gt
19 8 1 60
19 8 2 at
19 8 3 8
19 1 0 geq
19 1 1 60
19 1 2 before
19 1 3 3
20 2 0 geq
20 2 1 60
20 2 2 before
20 2 3 10
20 1 0 geq
20 1 1 60
20 1 2 at
20 1 3 7
20 3 0 geq
20 3 1 45
20 3 2 after
20 3 3 3
20 6 0 gt
20 6 1 62
20 6 2 after
20 5 0 geq
20 5 1 22
20 5 2 after
20 5 3 6
20 8 0 gt
20 8 1 73
20 8 2 after
20 8 3 1
21 8 0 geq
21 8 1 65
21 8 2 after
21 8 3 7
21 1 0 geq
21 1 1 60
21 1 2 within
21 1 3 8
21 1 4 4
21 6 0 geq
21 6 1 54
21 6 2 at
21 7 0 geq
21 7 1 17
21 7 2 before
21 7 3 2
21 5 0 gt
21 5 1 21
21 5 2 within
21 5 3 9
21 5 4 8
21 2 0 geq
21 2 1 60
21 2 2 before
21 2 3 8
22 6 0 geq
22 6 1 65
22 6 2 at
22 7 0 geq
22 7 1 22
22 7 2 within
22 7 3 11
22 7 4 6
22 5 0 gt
22 5 1 25
22 5 2 at
22 5 3 6
22 8 0 geq
22 8 1 80
22 8 2 before
22 8 3 7
22 4 0 eq
22 4 1 120
22 4 2 at
22 4 3 8
22 1 0 geq
22 1 1 45
22 1 2 at
22 1 3 11
23 1 0 geq
23 1 1 45
23 1 2 at
23 1 3 5
23 3 0 geq
23 3 1 60
23 3 2 within
23 3 3 11
23 3 4 8
23 8 0 geq
23 8 1 70
23 8 2 before
23 8 3 9
23 5 0 gt
23 5 1 39
23 5 2 after
23 5 3 7
23 2 0 geq
23 2 1 60
23 2 2 at
23 2 3 7
23 6 0 gt
23 6 1 55
23 6 2 before
24 6 0 geq
24 6 1 53
24 6 2 after
24 8 0 gt
24 8 1 68
24 8 2 at
24 8 3 4
24 4 0 eq
24 4 1 60
24 4 2 after
24 4 3 3
24 3 0 geq
24 3 1 60
24 3 2 before
24 3 3 8
24 1 0 geq
24 1 1 45
24 1 2 before
24 1 3 6
24 2 0 geq
24 2 1 60
24 2 2 before
24 2 3 10
25 6 0 gt
25 6 1 52
25 6 2 after
25 8 0 gt
25 8 1 76
25 8 2 before
25 8 3 10
25 2 0 geq
25 2 1 60
25 2 2 at
25 2 3 9
25 4 0 eq
25 4 1 120
25 4 2 before
25 4 3 7
25 3 0 geq
25 3 1 60
25 3 2 after
25 3 3 8
25 1 0 geq
25 1 1 45
25 1 2 at
25 1 3 10
26 7 0 geq
26 7 1 20
26 7 2 before
26 7 3 5
26 4 0 eq
26 4 1 60
26 4 2 at
26 4 3 8
26 2 0 geq
26 2 1 45
26 2 2 before
26 2 3 4
26 6 0 geq
26 6 1 60
26 6 2 at
26 1 0 geq
26 1 1 45
26 1 2 after
26 1 3 9
26 3 0 geq
26 3 1 45
26 3 2 at
26 3 3 7
27 1 0 geq
27 1 1 45
27 1 2 after
27 1 3 3
27 4 0 eq
27 4 1 60
27 4 2 after
27 4 3 2
27 8 0 geq
27 8 1 74
27 8 2 within
27 8 3 10
27 8 4 8
27 2 0 geq
27 2 1 60
27 2 2 at
27 2 3 8
27 7 0 gt
27 7 1 23
27 7 2 at
27 7 3 8
27 6 0 gt
27 6 1 63
27 6 2 before
28 5 0 geq
28 5 1 20
28 5 2 after
28 5 3 1
28 1 0 geq
28 1 1 45
28 1 2 before
28 1 3 8
28 7 0 geq
28 7 1 21
28 7 2 within
28 7 3 11
28 7 4 4
28 3 0 geq
28 3 1 45
28 3 2 within
28 3 3 4
28 3 4 7
28 4 0 eq
28 4 1 60
28 4 2 within
28 4 3 7
28 4 4 9
28 6 0 geq
28 6 1 56
28 6 2 after
29 1 0 geq
29 1 1 45
29 1 2 at
29 1 3 5
29 3 0 geq
29 3 1 45
29 3 2 at
29 3 3 10
29 5 0 geq
29 5 1 16
29 5 2 within
29 5 3 2
29 5 4 4
29 2 0 geq
29 2 1 60
29 2 2 within
29 2 3 5
29 2 4 10
29 8 0 gt
29 8 1 65
29 8 2 at
29 8 3 8
29 4 0 eq
29 4 1 60
29 4 2 within
29 4 3 5
29 4 4 7
30 8 0 geq
30 8 1 70
30 8 2 before
30 8 3 10
30 3 0 geq
30 3 1 45
30 3 2 within
30 3 3 7
30 3 4 8
30 2 0 geq
30 2 1 60
30 2 2 within
30 2 3 5
30 2 4 8
30 5 0 gt
30 5 1 37
30 5 2 within
30 5 3 9
30 5 4 11
30 1 0 geq
30 1 1 45
30 1 2 within
30 1 3 11
30 1 4 6
30 7 0 geq
30 7 1 23
30 7 2 within
30 7 3 3
30 7 4 7
31 8 0 gt
31 8 1 79
31 8 2 before
31 8 3 11
31 4 0 eq
31 4 1 75
31 4 2 at
31 4 3 6
31 6 0 gt
31 6 1 58
31 6 2 before
31 7 0 gt
31 7 1 20
31 7 2 at
31 7 3 8
31 2 0 geq
31 2 1 60
31 2 2 after
31 2 3 7
31 5 0 gt
31 5 1 36
31 5 2 before
31 5 3 10
32 4 0 eq
32 4 1 120
32 4 2 within
32 4 3 11
32 4 4 6
32 5 0 gt
32 5 1 17
32 5 2 before
32 5 3 2
32 6 0 gt
32 6 1 51
32 6 2 after
32 2 0 geq
32 2 1 45
32 2 2 within
32 2 3 6
32 2 4 9
32 1 0 geq
32 1 1 60
32 1 2 after
32 1 3 3
32 8 0 geq
32 8 1 69
32 8 2 before
32 8 3 11
33 7 0 gt
33 7 1 18
33 7 2 after
33 7 3 1
33 6 0 geq
33 6 1 55
33 6 2 at
33 5 0 gt
33 5 1 38
33 5 2 before
33 5 3 6
33 1 0 geq
33 1 1 45
33 1 2 before
33 1 3 5
33 2 0 geq
33 2 1 45
33 2 2 within
33 2 3 11
33 2 4 10
33 3 0 geq
33 3 1 60
33 3 2 after
33 3 3 9
34 5 0 geq
34 5 1 24
34 5 2 within
34 5 3 9
34 5 4 7
34 3 0 geq
34 3 1 45
34 3 2 before
34 3 3 4
34 1 0 geq
34 1 1 60
34 1 2 after
34 1 3 4
34 8 0 gt
34 8 1 64
34 8 2 within
34 8 3 11
34 8 4 7
34 4 0 eq
34 4 1 150
34 4 2 within
34 4 3 9
34 4 4 8
34 6 0 gt
34 6 1 58
34 6 2 after
35 1 0 geq
35 1 1 45
35 1 2 after
35 1 3 3
35 6 0 gt
35 6 1 59
35 6 2 after
35 7 0 gt
35 7 1 17
35 7 2 at
35 7 3 9
35 5 0 gt
35 5 1 26
35 5 2 before
35 5 3 3
35 8 0 gt
35 8 1 75
35 8 2 after
35 8 3 2
35 4 0 eq
35 4 1 60
35 4 2 at
35 4 3 7
36 3 0 geq
36 3 1 60
36 3 2 within
36 3 3 4
36 3 4 11
36 2 0 geq
36 2 1 45
36 2 2 within
36 2 3 9
36 2 4 6
36 5 0 gt
36 5 1 17
36 5 2 after
36 5 3 5
36 8 0 gt
36 8 1 53
36 8 2 at
36 8 3 8
36 1 0 geq
36 1 1 60
36 1 2 at
36 1 3 7
36 7 0 gt
36 7 1 24
36 7 2 after
36 7 3 9
37 3 0 geq
37 3 1 45
37 3 2 before
37 3 3 11
37 5 0 geq
37 5 1 25
37 5 2 at
37 5 3 10
37 8 0 gt
37 8 1 71
37 8 2 within
37 8 3 7
37 8 4 10
37 2 0 geq
37 2 1 45
37 2 2 at
37 2 3 4
37 6 0 geq
37 6 1 62
37 6 2 after
37 1 0 geq
37 1 1 45
37 1 2 within
37 1 3 11
37 1 4 5
38 2 0 geq
38 2 1 45
38 2 2 within
38 2 3 3
38 2 4 10
38 3 0 geq
38 3 1 60
38 3 2 after
38 3 3 4
38 7 0 gt
38 7 1 17
38 7 2 after
38 7 3 5
38 6 0 geq
38 6 1 52
38 6 2 after
38 5 0 geq
38 5 1 33
38 5 2 after
38 5 3 3
38 1 0 geq
38 1 1 60
38 1 2 within
38 1 3 9
38 1 4 3
39 4 0 eq
39 4 1 60
39 4 2 at
39 4 3 9
39 1 0 geq
39 1 1 45
39 1 2 within
39 1 3 5
39 1 4 6
39 8 0 geq
39 8 1 70
39 8 2 within
39 8 3 6
39 8 4 10
39 3 0 geq
39 3 1 45
39 3 2 after
39 3 3 6
39 6 0 geq
39 6 1 53
39 6 2 after
39 7 0 gt
39 7 1 23
39 7 2 at
39 7 3 4
40 4 0 eq
40 4 1 75
40 4 2 within
40 4 3 6
40 4 4 7
40 2 0 geq
40 2 1 60
40 2 2 after
40 2 3 2
40 3 0 geq
40 3 1 60
40 3 2 at
40 3 3 9
40 5 0 gt
40 5 1 28
40 5 2 before
40 5 3 8
40 1 0 geq
40 1 1 45
40 1 2 within
40 1 3 8
40 1 4 3
40 8 0 gt
40 8 1 72
40 8 2 within
40 8 3 11
40 8 4 10
41 1 0 geq
41 1 1 45
41 1 2 after
41 1 3 5
41 7 0 gt
41 7 1 20
41 7 2 before
41 7 3 6
41 4 0 eq
41 4 1 150
41 4 2 within
41 4 3 7
41 4 4 10
41 3 0 geq
41 3 1 45
41 3 2 within
41 3 3 3
41 3 4 10
41 2 0 geq
41 2 1 60
41 2 2 after
41 2 3 5
41 8 0 geq
41 8 1 71
41 8 2 at
41 8 3 11
42 5 0 gt
42 5 1 17
42 5 2 within
42 5 3 8
42 5 4 3
42 3 0 geq
42 3 1 45
42 3 2 within
42 3 3 5
42 3 4 9
42 8 0 geq
42 8 1 65
42 8 2 at
42 8 3 7
42 2 0 geq
42 2 1 60
42 2 2 within
42 2 3 5
42 2 4 4
42 4 0 eq
42 4 1 150
42 4 2 within
42 4 3 7
42 4 4 6
42 7 0 geq
42 7 1 17
42 7 2 before
42 7 3 5
43 2 0 geq
43 2 1 45
43 2 2 at
43 2 3 4
43 1 0 geq
43 1 1 60
43 1 2 within
43 1 3 10
43 1 4 4
43 5 0 geq
43 5 1 17
43 5 2 within
43 5 3 9
43 5 4 5
43 4 0 eq
43 4 1 75
43 4 2 within
43 4 3 4
43 4 4 7
43 6 0 geq
43 6 1 52
43 6 2 before
43 8 0 geq
43 8 1 77
43 8 2 at
43 8 3 6
44 8 0 gt
44 8 1 79
44 8 2 at
44 8 3 6
44 4 0 eq
44 4 1 150
44 4 2 at
44 4 3 11
44 6 0 geq
44 6 1 54
44 6 2 before
44 1 0 geq
44 1 1 60
44 1 2 before
44 1 3 3
44 5 0 geq
44 5 1 34
44 5 2 at
44 5 3 4
44 7 0 gt
44 7 1 18
44 7 2 after
44 7 3 8
45 1 0 geq
45 1 1 45
45 1 2 within
45 1 3 9
45 1 4 5
45 4 0 eq
45 4 1 60
45 4 2 before
45 4 3 6
45 8 0 gt
45 8 1 57
45 8 2 within
45 8 3 11
45 8 4 6
45 3 0 geq
45 3 1 60
45 3 2 after
45 3 3 3
45 2 0 geq
45 2 1 60
45 2 2 at
45 2 3 7
45 5 0 gt
45 5 1 36
45 5 2 before
45 5 3 4
46 1 0 geq
46 1 1 45
46 1 2 after
46 1 3 5
46 6 0 geq
46 6 1 54
46 6 2 at
46 8 0 geq
46 8 1 50
46 8 2 within
46 8 3 11
46 8 4 7
46 4 0 eq
46 4 1 75
46 4 2 at
46 4 3 4
46 7 0 geq
46 7 1 24
46 7 2 at
46 7 3 11
46 5 0 gt
46 5 1 36
46 5 2 at
46 5 3 7
47 4 0 eq
47 4 1 60
47 4 2 at
47 4 3 5
47 1 0 geq
47 1 1 45
47 1 2 at
47 1 3 6
47 6 0 gt
47 6 1 54
47 6 2 after
47 2 0 geq
47 2 1 45
47 2 2 within
47 2 3 5
47 2 4 8
47 8 0 gt
47 8 1 80
47 8 2 within
47 8 3 9
47 8 4 7
47 3 0 geq
47 3 1 45
47 3 2 before
47 3 3 4
48 2 0 geq
48 2 1 45
48 2 2 after
48 2 3 2
48 6 0 gt
48 6 1 58
48 6 2 after
48 3 0 geq
48 3 1 45
48 3 2 at
48 3 3 7
48 4 0 eq
48 4 1 120
48 4 2 before
48 4 3 7
48 1 0 geq
48 1 1 45
48 1 2 within
48 1 3 11
48 1 4 5
48 5 0 gt
48 5 1 23
48 5 2 at
48 5 3 6
49 5 0 gt
49 5 1 39
49 5 2 within
49 5 3 8
49 5 4 9
49 2 0 geq
49 2 1 45
49 2 2 at
49 2 3 3
49 6 0 geq
49 6 1 51
49 6 2 at
49 3 0 geq
49 3 1 45
49 3 2 within
49 3 3 8
49 3 4 9
49 1 0 geq
49 1 1 45
49 1 2 at
49 1 3 4
49 4 0 eq
49 4 1 120
49 4 2 at
49 4 3 4
50 1 0 geq
50 1 1 60
50 1 2 after
50 1 3 2
50 6 0 geq
50 6 1 60
50 6 2 after
50 5 0 gt
50 5 1 24
50 5 2 before
50 5 3 10
50 3 0 geq
50 3 1 60
50 3 2 within
50 3 3 7
50 3 4 5
50 8 0 geq
50 8 1 79
50 8 2 before
50 8 3 10
50 7 0 geq
50 7 1 24
50 7 2 within
50 7 3 10
50 7 4 9
51 5 0 geq
51 5 1 24
51 5 2 before
51 5 3 7
51 8 0 geq
51 8 1 64
51 8 2 within
51 8 3 11
51 8 4 9
51 1 0 geq
51 1 1 60
51 1 2 after
51 1 3 5
51 6 0 gt
51 6 1 54
51 6 2 after
51 2 0 geq
51 2 1 60
51 2 2 before
51 2 3 8
51 3 0 geq
51 3 1 60
51 3 2 after
51 3 3 7
52 3 0 geq
52 3 1 45
52 3 2 within
52 3 3 8
52 3 4 3
52 8 0 geq
52 8 1 75
52 8 2 within
52 8 3 11
52 8 4 10
52 1 0 geq
52 1 1 60
52 1 2 within
52 1 3 7
52 1 4 4
52 2 0 geq
52 2 1 60
52 2 2 at
52 2 3 5
52 4 0 eq
52 4 1 60
52 4 2 before
52 4 3 10
52 5 0 gt
52 5 1 36
52 5 2 after
52 5 3 3
53 7 0 geq
53 7 1 19
53 7 2 before
53 7 3 11
53 1 0 geq
53 1 1 60
53 1 2 after
53 1 3 7
53 2 0 geq
53 2 1 60
53 2 2 after
53 2 3 7
53 5 0 gt
53 5 1 39
53 5 2 at
53 5 3 11
53 3 0 geq
53 3 1 45
53 3 2 before
53 3 3 5
53 4 0 eq
53 4 1 75
53 4 2 after
53 4 3 7
54 6 0 gt
54 6 1 58
54 6 2 at
54 8 0 gt
54 8 1 61
54 8 2 after
54 8 3 2
54 2 0 geq
54 2 1 45
54 2 2 after
54 2 3 7
54 4 0 eq
54 4 1 120
54 4 2 before
54 4 3 10
54 3 0 geq
54 3 1 60
54 3 2 at
54 3 3 4
54 7 0 geq
54 7 1 20
54 7 2 within
54 7 3 9
54 7 4 10
55 4 0 eq
55 4 1 120
55 4 2 within
55 4 3 8
55 4 4 11
55 7 0 geq
55 7 1 24
55 7 2 within
55 7 3 3
55 7 4 7
55 6 0 geq
55 6 1 57
55 6 2 at
55 1 0 geq
55 1 1 45
55 1 2 at
55 1 3 7
55 5 0 geq
55 5 1 21
55 5 2 after
55 5 3 3
55 8 0 gt
55 8 1 55
55 8 2 after
55 8 3 3
56 2 0 geq
56 2 1 45
56 2 2 before
56 2 3 7
56 1 0 geq
56 1 1 45
56 1 2 before
56 1 3 7
56 4 0 eq
56 4 1 150
56 4 2 at
56 4 3 8
56 7 0 gt
56 7 1 20
56 7 2 within
56 7 3 3
56 7 4 9
56 6 0 geq
56 6 1 55
56 6 2 at
56 5 0 gt
56 5 1 25
56 5 2 after
56 5 3 1
57 8 0 gt
57 8 1 66
57 8 2 at
57 8 3 11
57 3 0 geq
57 3 1 60
57 3 2 within
57 3 3 5
57 3 4 3
57 4 0 eq
57 4 1 75
57 4 2 before
57 4 3 4
57 7 0 geq
57 7 1 24
57 7 2 after
57 7 3 4
57 6 0 gt
57 6 1 62
57 6 2 after
57 1 0 geq
57 1 1 60
57 1 2 at
57 1 3 4
58 8 0 geq
58 8 1 51
58 8 2 after
58 8 3 3
58 4 0 eq
58 4 1 75
58 4 2 within
58 4 3 11
58 4 4 3
58 3 0 geq
58 3 1 60
58 3 2 at
58 3 3 11
58 7 0 geq
58 7 1 20
58 7 2 after
58 7 3 5
58 6 0 gt
58 6 1 62
58 6 2 before
58 5 0 geq
58 5 1 38
58 5 2 before
58 5 3 8
59 8 0 geq
59 8 1 73
59 8 2 at
59 8 3 10
59 7 0 geq
59 7 1 20
59 7 2 within
59 7 3 5
59 7 4 9
59 1 0 geq
59 1 1 60
59 1 2 after
59 1 3 8
59 3 0 geq
59 3 1 45
59 3 2 before
59 3 3 11
59 4 0 eq
59 4 1 60
59 4 2 at
59 4 3 9
59 2 0 geq
59 2 1 45
59 2 2 within
59 2 3 9
59 2 4 10
60 3 0 geq
60 3 1 60
60 3 2 after
60 3 3 7
60 2 0 geq
60 2 1 60
60 2 2 within
60 2 3 3
60 2 4 5
60 5 0 geq
60 5 1 21
60 5 2 before
60 5 3 8
60 6 0 geq
60 6 1 59
60 6 2 after
60 4 0 eq
60 4 1 120
60 4 2 within
60 4 3 7
60 4 4 5
60 7 0 geq
60 7 1 19
60 7 2 after
60 7 3 3
61 5 0 gt
61 5 1 31
61 5 2 before
61 5 3 6
61 6 0 gt
61 6 1 53
61 6 2 before
61 3 0 geq
61 3 1 60
61 3 2 before
61 3 3 6
61 2 0 geq
61 2 1 45
61 2 2 before
61 2 3 8
61 8 0 geq
61 8 1 72
61 8 2 after
61 8 3 1
61 4 0 eq
61 4 1 150
61 4 2 at
61 4 3 9
62 8 0 gt
62 8 1 63
62 8 2 after
62 8 3 1
62 1 0 geq
62 1 1 45
62 1 2 within
62 1 3 6
62 1 4 8
62 2 0 geq
62 2 1 60
62 2 2 after
62 2 3 4
62 6 0 geq
62 6 1 53
62 6 2 at
62 7 0 gt
62 7 1 21
62 7 2 after
62 7 3 9
62 3 0 geq
62 3 1 45
62 3 2 at
62 3 3 3
63 8 0 geq
63 8 1 62
63 8 2 within
63 8 3 11
63 8 4 9
63 2 0 geq
63 2 1 60
63 2 2 before
63 2 3 9
63 4 0 eq
63 4 1 150
63 4 2 at
63 4 3 4
63 6 0 gt
63 6 1 58
63 6 2 at
63 3 0 geq
63 3 1 45
63 3 2 after
63 3 3 2
63 1 0 geq
63 1 1 45
63 1 2 after
63 1 3 7
64 5 0 geq
64 5 1 37
64 5 2 at
64 5 3 8
64 1 0 geq
64 1 1 45
64 1 2 before
64 1 3 4
64 7 0 gt
64 7 1 21
64 7 2 after
64 7 3 9
64 3 0 geq
64 3 1 60
64 3 2 at
64 3 3 9
64 6 0 geq
64 6 1 58
64 6 2 before
64 4 0 eq
64 4 1 60
64 4 2 before
64 4 3 4
65 4 0 eq
65 4 1 120
65 4 2 before
65 4 3 11
65 6 0 gt
65 6 1 51
65 6 2 before
65 1 0 geq
65 1 1 45
65 1 2 before
65 1 3 4
65 8 0 geq
65 8 1 58
65 8 2 before
65 8 3 9
65 5 0 geq
65 5 1 17
65 5 2 after
65 5 3 8
65 2 0 geq
65 2 1 45
65 2 2 after
65 2 3 5
66 7 0 gt
66 7 1 21
66 7 2 at
66 7 3 3
66 6 0 geq
66 6 1 54
66 6 2 before
66 2 0 geq
66 2 1 45
66 2 2 at
66 2 3 11
66 4 0 eq
66 4 1 60
66 4 2 after
66 4 3 3
66 5 0 gt
66 5 1 29
66 5 2 after
66 5 3 5
66 8 0 gt
66 8 1 52
66 8 2 before
66 8 3 11
67 5 0 geq
67 5 1 20
67 5 2 within
67 5 3 5
67 5 4 10
67 1 0 geq
67 1 1 60
67 1 2 at
67 1 3 9
67 4 0 eq
67 4 1 150
67 4 2 at
67 4 3 11
67 6 0 gt
67 6 1 50
67 6 2 before
67 7 0 gt
67 7 1 20
67 7 2 after
67 7 3 3
67 2 0 geq
67 2 1 45
67 2 2 before
67 2 3 7
68 6 0 geq
68 6 1 62
68 6 2 before
68 2 0 geq
68 2 1 60
68 2 2 before
68 2 3 8
68 8 0 gt
68 8 1 53
68 8 2 after
68 8 3 4
68 5 0 geq
68 5 1 31
68 5 2 at
68 5 3 5
68 3 0 geq
68 3 1 60
68 3 2 before
68 3 3 8
68 4 0 eq
68 4 1 150
68 4 2 at
68 4 3 8
69 5 0 geq
69 5 1 20
69 5 2 within
69 5 3 4
69 5 4 8
69 2 0 geq
69 2 1 60
69 2 2 within
69 2 3 11
69 2 4 9
69 8 0 gt
69 8 1 77
69 8 2 at
69 8 3 11
69 1 0 geq
69 1 1 60
69 1 2 at
69 1 3 10
69 7 0 geq
69 7 1 19
69 7 2 before
69 7 3 8
69 6 0 gt
69 6 1 55
69 6 2 after
70 8 0 geq
70 8 1 50
70 8 2 before
70 8 3 7
70 3 0 geq
70 3 1 60
70 3 2 at
70 3 3 3
70 4 0 eq
70 4 1 60
70 4 2 after
70 4 3 7
70 2 0 geq
70 2 1 60
70 2 2 before
70 2 3 3
70 5 0 gt
70 5 1 32
70 5 2 within
70 5 3 11
70 5 4 8
70 1 0 geq
70 1 1 45
70 1 2 at
70 1 3 5
71 5 0 geq
71 5 1 32
71 5 2 at
71 5 3 4
71 3 0 geq
71 3 1 60
71 3 2 after
71 3 3 9
71 8 0 gt
71 8 1 65
71 8 2 within
71 8 3 10
71 8 4 11
71 2 0 geq
71 2 1 45
71 2 2 at
71 2 3 4
71 7 0 gt
71 7 1 19
71 7 2 after
71 7 3 7
71 6 0 geq
71 6 1 64
71 6 2 after
72 6 0 geq
72 6 1 64
72 6 2 at
72 5 0 geq
72 5 1 15
72 5 2 before
72 5 3 11
72 3 0 geq
72 3 1 60
72 3 2 before
72 3 3 8
72 4 0 eq
72 4 1 60
72 4 2 before
72 4 3 10
72 4 0 eq
72 4 1 120
72 4 2 at
72 4 3 5
72 5 0 gt
72 5 1 20
72 5 2 at
72 5 3 9
72 3 0 geq
72 3 1 60
72 3 2 after
72 3 3 4
72 6 0 gt
72 6 1 55
72 6 2 before
72 6 0 gt
72 6 1 64
72 6 2 at
72 5 0 gt
72 5 1 17
72 5 2 before
72 5 3 4
72 3 0 geq
72 3 1 45
72 3 2 within
72 3 3 4
72 3 4 11
72 4 0 eq
72 4 1 75
72 4 2 at
72 4 3 4
72 3 0 geq
72 3 1 45
72 3 2 before
72 3 3 11
72 5 0 gt
72 5 1 39
72 5 2 after
72 5 3 1
72 4 0 eq
72 4 1 150
72 4 2 after
72 4 3 8
72 6 0 gt
72 6 1 59
72 6 2 before
72 5 0 gt
72 5 1 23
72 5 2 at
72 5 3 8
72 6 0 geq
72 6 1 61
72 6 2 at
72 4 0 eq
72 4 1 150
72 4 2 at
72 4 3 9
72 3 0 geq
72 3 1 45
72 3 2 at
72 3 3 6
72 4 0 eq
72 4 1 150
72 4 2 after
72 4 3 2
72 6 0 geq
72 6 1 65
72 6 2 before
72 3 0 geq
72 3 1 45
72 3 2 after
72 3 3 1
72 5 0 gt
72 5 1 28
72 5 2 after
72 5 3 8
72 4 0 eq
72 4 1 150
72 4 2 within
72 4 3 6
72 4 4 8
72 3 0 geq
72 3 1 45
72 3 2 after
72 3 3 9
72 5 0 geq
72 5 1 15
72 5 2 at
72 5 3 7
72 6 0 gt
72 6 1 57
72 6 2 after
72 6 0 geq
72 6 1 58
72 6 2 before
72 4 0 eq
72 4 1 150
72 4 2 after
72 4 3 8
72 3 0 geq
72 3 1 60
72 3 2 before
72 3 3 6
72 5 0 geq
72 5 1 29
72 5 2 at
72 5 3 7
72 4 0 eq
72 4 1 60
72 4 2 within
72 4 3 6
72 4 4 11
72 6 0 geq
72 6 1 54
72 6 2 after
72 3 0 geq
72 3 1 60
72 3 2 within
72 3 3 4
72 3 4 10
72 5 0 geq
72 5 1 37
72 5 2 within
72 5 3 9
72 5 4 6
72 4 0 eq
72 4 1 75
72 4 2 before
72 4 3 9
72 3 0 geq
72 3 1 45
72 3 2 at
72 3 3 7
72 5 0 geq
72 5 1 38
72 5 2 before
72 5 3 7
72 6 0 geq
72 6 1 63
72 6 2 at
72 5 0 gt
72 5 1 18
72 5 2 before
72 5 3 3
72 6 0 gt
72 6 1 63
72 6 2 at
72 4 0 eq
72 4 1 60
72 4 2 at
72 4 3 11
72 3 0 geq
72 3 1 45
72 3 2 at
72 3 3 5
72 5 0 gt
72 5 1 27
72 5 2 at
72 5 3 9
72 4 0 eq
72 4 1 75
72 4 2 at
72 4 3 8
72 3 0 geq
72 3 1 60
72 3 2 within
72 3 3 5
72 3 4 11
72 6 0 geq
72 6 1 57
72 6 2 at
72 5 0 geq
72 5 1 24
72 5 2 within
72 5 3 10
72 5 4 8
72 4 0 eq
72 4 1 75
72 4 2 at
72 4 3 9
72 6 0 geq
72 6 1 54
72 6 2 at
72 3 0 geq
72 3 1 60
72 3 2 before
72 3 3 4
72 5 0 geq
72 5 1 22
72 5 2 within
72 5 3 3
72 5 4 7
72 3 0 geq
72 3 1 45
72 3 2 at
72 3 3 8
72 4 0 eq
72 4 1 120
72 4 2 before
72 4 3 10
72 6 0 gt
72 6 1 63
72 6 2 before
72 6 0 geq
72 6 1 50
72 6 2 before
72 4 0 eq
72 4 1 75
72 4 2 at
72 4 3 9
72 3 0 geq
72 3 1 60
72 3 2 after
72 3 3 5
72 5 0 gt
72 5 1 18
72 5 2 before
72 5 3 8
72 6 0 geq
72 6 1 59
72 6 2 at
72 5 0 geq
72 5 1 29
72 5 2 within
72 5 3 10
72 5 4 3
72 3 0 geq
72 3 1 60
72 3 2 before
72 3 3 11
72 4 0 eq
72 4 1 75
72 4 2 after
72 4 3 1
72 4 0 eq
72 4 1 60
72 4 2 within
72 4 3 9
72 4 4 5
72 5 0 gt
72 5 1 34
72 5 2 within
72 5 3 9
72 5 4 5
72 6 0 gt
72 6 1 59
72 6 2 before
72 3 0 geq
72 3 1 60
72 3 2 before
72 3 3 8
72 5 0 geq
72 5 1 34
72 5 2 after
72 5 3 7
72 3 0 geq
72 3 1 60
72 3 2 within
72 3 3 5
72 3 4 11
72 4 0 eq
72 4 1 150
72 4 2 within
72 4 3 8
72 4 4 9
72 6 0 gt
72 6 1 52
72 6 2 before
72 5 0 geq
72 5 1 18
72 5 2 after
72 5 3 6
72 4 0 eq
72 4 1 60
72 4 2 before
72 4 3 7
72 3 0 geq
72 3 1 45
72 3 2 after
72 3 3 7
72 6 0 gt
72 6 1 51
72 6 2 after
72 5 0 geq
72 5 1 15
72 5 2 within
72 5 3 8
72 5 4 11
72 6 0 gt
72 6 1 64
72 6 2 at
72 3 0 geq
72 3 1 60
72 3 2 at
72 3 3 4
72 4 0 eq
72 4 1 75
72 4 2 after
72 4 3 4
72 5 0 geq
72 5 1 30
72 5 2 within
72 5 3 3
72 5 4 9
72 3 0 geq
72 3 1 60
72 3 2 before
72 3 3 6
72 6 0 gt
72 6 1 55
72 6 2 before
72 4 0 eq
72 4 1 60
72 4 2 at
72 4 3 6
72 6 0 gt
72 6 1 64
72 6 2 before
72 4 0 eq
72 4 1 120
72 4 2 at
72 4 3 4
72 3 0 geq
72 3 1 60
72 3 2 before
72 3 3 11
72 5 0 geq
72 5 1 26
72 5 2 within
72 5 3 5
72 5 4 9
72 4 0 eq
72 4 1 60
72 4 2 at
72 4 3 6
72 5 0 gt
72 5 1 32
72 5 2 within
72 5 3 7
72 5 4 9
72 3 0 geq
72 3 1 45
72 3 2 at
72 3 3 4
72 6 0 gt
72 6 1 53
72 6 2 at
72 6 0 gt
72 6 1 55
72 6 2 before
72 4 0 eq
72 4 1 75
72 4 2 at
72 4 3 10
72 5 0 geq
72 5 1 31
72 5 2 after
72 5 3 6
72 3 0 geq
72 3 1 60
72 3 2 after
72 3 3 2
72 3 0 geq
72 3 1 60
72 3 2 within
72 3 3 6
72 3 4 5
72 6 0 gt
72 6 1 52
72 6 2 at
72 4 0 eq
72 4 1 60
72 4 2 before
72 4 3 10
72 5 0 geq
72 5 1 33
72 5 2 within
72 5 3 9
72 5 4 11
72 6 0 geq
72 6 1 50
72 6 2 at
72 3 0 geq
72 3 1 45
72 3 2 before
72 3 3 10
72 5 0 gt
72 5 1 32
72 5 2 at
72 5 3 4
72 4 0 eq
72 4 1 120
72 4 2 within
72 4 3 5
72 4 4 10
72 5 0 geq
72 5 1 38
72 5 2 after
72 5 3 7
72 3 0 geq
72 3 1 45
72 3 2 after
72 3 3 4
72 4 0 eq
72 4 1 60
72 4 2 before
72 4 3 6
72 6 0 geq
72 6 1 58
72 6 2 at
72 4 0 eq
72 4 1 75
72 4 2 at
72 4 3 10
72 5 0 geq
72 5 1 35
72 5 2 after
72 5 3 1
72 3 0 geq
72 3 1 45
72 3 2 within
72 3 3 6
72 3 4 5
72 6 0 geq
72 6 1 53
72 6 2 at
72 6 0 gt
72 6 1 50
72 6 2 at
72 3 0 geq
72 3 1 60
72 3 2 after
72 3 3 7
72 5 0 gt
72 5 1 18
72 5 2 before
72 5 3 7
72 4 0 eq
72 4 1 60
72 4 2 after
72 4 3 7
72 4 0 eq
72 4 1 150
72 4 2 at
72 4 3 4
72 3 0 geq
72 3 1 60
72 3 2 at
72 3 3 3
72 6 0 gt
72 6 1 53
72 6 2 after
72 5 0 geq
72 5 1 31
72 5 2 within
72 5 3 6
72 5 4 4
72 5 0 geq
72 5 1 20
72 5 2 within
72 5 3 11
72 5 4 10
72 3 0 geq
72 3 1 45
72 3 2 at
72 3 3 7
72 4 0 eq
72 4 1 60
72 4 2 within
72 4 3 8
72 4 4 11
72 6 0 gt
72 6 1 51
72 6 2 at
72 4 0 eq
72 4 1 75
72 4 2 after
72 4 3 6
72 5 0 gt
72 5 1 38
72 5 2 before
72 5 3 8
72 3 0 geq
72 3 1 60
72 3 2 after
72 3 3 5
72 6 0 gt
72 6 1 50
72 6 2 before
72 6 0 geq
72 6 1 59
72 6 2 before
72 3 0 geq
72 3 1 60
72 3 2 after
72 3 3 5
72 5 0 geq
72 5 1 35
72 5 2 after
72 5 3 1
72 4 0 eq
72 4 1 60
72 4 2 within
72 4 3 6
72 4 4 11
72 6 0 gt
72 6 1 57
72 6 2 after
72 5 0 gt
72 5 1 27
72 5 2 after
72 5 3 6
72 3 0 geq
72 3 1 45
72 3 2 before
72 3 3 3
72 4 0 eq
72 4 1 75
72 4 2 before
72 4 3 10
72 4 0 eq
72 4 1 150
72 4 2 within
72 4 3 6
72 4 4 4
72 6 0 gt
72 6 1 63
72 6 2 after
72 3 0 geq
72 3 1 60
72 3 2 before
72 3 3 9
72 5 0 gt
72 5 1 16
72 5 2 before
72 5 3 5
72 6 0 geq
72 6 1 58
72 6 2 at
72 3 0 geq
72 3 1 60
72 3 2 at
72 3 3 8
72 5 0 gt
72 5 1 34
72 5 2 after
72 5 3 6
72 4 0 eq
72 4 1 120
72 4 2 at
72 4 3 9
72 6 0 geq
72 6 1 54
72 6 2 at
72 3 0 geq
72 3 1 45
72 3 2 at
72 3 3 11
72 4 0 eq
72 4 1 150
72 4 2 within
72 4 3 11
72 4 4 4
72 5 0 gt
72 5 1 16
72 5 2 at
72 5 3 5
72 6 0 gt
72 6 1 51
72 6 2 before
72 5 0 geq
72 5 1 20
72 5 2 at
72 5 3 11
72 4 0 eq
72 4 1 75
72 4 2 after
72 4 3 9
72 3 0 geq
72 3 1 60
72 3 2 after
72 3 3 7
72 6 0 geq
72 6 1 53
72 6 2 at
72 5 0 gt
72 5 1 35
72 5 2 within
72 5 3 11
72 5 4 8
72 4 0 eq
72 4 1 75
72 4 2 before
72 4 3 6
72 3 0 geq
72 3 1 60
72 3 2 before
72 3 3 10
72 5 0 gt
72 5 1 24
72 5 2 before
72 5 3 10
72 6 0 gt
72 6 1 57
72 6 2 at
72 4 0 eq
72 4 1 75
72 4 2 at
72 4 3 10
72 3 0 geq
72 3 1 45
72 3 2 within
72 3 3 8
72 3 4 11
72 5 0 geq
72 5 1 33
72 5 2 within
72 5 3 5
72 5 4 9
72 4 0 eq
72 4 1 150
72 4 2 after
72 4 3 3
72 3 0 geq
72 3 1 60
72 3 2 after
72 3 3 6
72 6 0 gt
72 6 1 62
72 6 2 before
72 4 0 eq
72 4 1 120
72 4 2 within
72 4 3 4
72 4 4 11
72 3 0 geq
72 3 1 45
72 3 2 after
72 3 3 8
72 5 0 geq
72 5 1 36
72 5 2 at
72 5 3 8
72 6 0 gt
72 6 1 65
72 6 2 after
72 4 0 eq
72 4 1 60
72 4 2 before
72 4 3 8
72 5 0 gt
72 5 1 38
72 5 2 before
72 5 3 11
72 6 0 geq
72 6 1 59
72 6 2 at
72 3 0 geq
72 3 1 45
72 3 2 at
72 3 3 8
72 3 0 geq
72 3 1 45
72 3 2 within
72 3 3 8
72 3 4 4
72 6 0 geq
72 6 1 63
72 6 2 at
72 5 0 geq
72 5 1 18
72 5 2 within
72 5 3 5
72 5 4 8
72 4 0 eq
72 4 1 150
72 4 2 within
72 4 3 9
72 4 4 5
72 5 0 gt
72 5 1 17
72 5 2 at
72 5 3 5
72 6 0 gt
72 6 1 57
72 6 2 before
72 4 0 eq
72 4 1 75
72 4 2 at
72 4 3 9
72 3 0 geq
72 3 1 60
72 3 2 at
72 3 3 9
72 3 0 geq
72 3 1 45
72 3 2 after
72 3 3 3
72 5 0 gt
72 5 1 28
72 5 2 before
72 5 3 5
72 6 0 gt
72 6 1 56
72 6 2 after
72 4 0 eq
72 4 1 150
72 4 2 after
72 4 3 2
72 6 0 gt
72 6 1 61
72 6 2 before
72 5 0 gt
72 5 1 18
72 5 2 within
72 5 3 2
72 5 4 5
72 3 0 geq
72 3 1 60
72 3 2 after
72 3 3 8
72 4 0 eq
72 4 1 60
72 4 2 at
72 4 3 4
72 3 0 geq
72 3 1 45
72 3 2 within
72 3 3 10
72 3 4 9
72 6 0 geq
72 6 1 56
72 6 2 before
72 5 0 gt
72 5 1 40
72 5 2 at
72 5 3 5
72 4 0 eq
72 4 1 60
72 4 2 within
72 4 3 4
72 4 4 5
72 6 0 geq
72 6 1 52
72 6 2 before
72 5 0 geq
72 5 1 16
72 5 2 before
72 5 3 7
72 4 0 eq
72 4 1 120
72 4 2 within
72 4 3 9
72 4 4 8
72 3 0 geq
72 3 1 60
72 3 2 before
72 3 3 4
72 5 0 geq
72 5 1 39
72 5 2 within
72 5 3 11
72 5 4 10
72 3 0 geq
72 3 1 60
72 3 2 at
72 3 3 4
72 6 0 geq
72 6 1 53
72 6 2 after
72 4 0 eq
72 4 1 60
72 4 2 after
72 4 3 2
72 3 0 geq
72 3 1 45
72 3 2 at
72 3 3 6
72 5 0 geq
72 5 1 40
72 5 2 after
72 5 3 7
72 6 0 gt
72 6 1 57
72 6 2 at
72 4 0 eq
72 4 1 60
72 4 2 after
72 4 3 8
72 3 0 geq
72 3 1 60
72 3 2 before
72 3 3 10
72 5 0 gt
72 5 1 40
72 5 2 after
72 5 3 5
72 4 0 eq
72 4 1 150
72 4 2 at
72 4 3 4
72 6 0 gt
72 6 1 52
72 6 2 before
72 6 0 geq
72 6 1 51
72 6 2 before
72 5 0 geq
72 5 1 27
72 5 2 within
72 5 3 9
72 5 4 4
72 3 0 geq
72 3 1 60
72 3 2 after
72 3 3 9
72 4 0 eq
72 4 1 60
72 4 2 within
72 4 3 9
72 4 4 11
72 3 0 geq
72 3 1 45
72 3 2 at
72 3 3 10
72 6 0 geq
72 6 1 54
72 6 2 at
72 5 0 geq
72 5 1 38
72 5 2 before
72 5 3 10
72 4 0 eq
72 4 1 120
72 4 2 after
72 4 3 5
72 5 0 geq
72 5 1 23
72 5 2 before
72 5 3 4
72 4 0 eq
72 4 1 60
72 4 2 at
72 4 3 7
72 6 0 geq
72 6 1 56
72 6 2 at
72 3 0 geq
72 3 1 45
72 3 2 within
72 3 3 8
72 3 4 11
72 3 0 geq
72 3 1 45
72 3 2 before
72 3 3 6
72 5 0 geq
72 5 1 17
72 5 2 after
72 5 3 10
72 6 0 gt
72 6 1 57
72 6 2 at
72 4 0 eq
72 4 1 150
72 4 2 at
72 4 3 5
72 5 0 geq
72 5 1 38
72 5 2 within
72 5 3 11
72 5 4 10
72 6 0 gt
72 6 1 60
72 6 2 after
72 3 0 geq
72 3 1 60
72 3 2 before
72 3 3 4
72 4 0 eq
72 4 1 60
72 4 2 at
72 4 3 8
72 3 0 geq
72 3 1 60
72 3 2 before
72 3 3 5
72 6 0 geq
72 6 1 64
72 6 2 before
72 4 0 eq
72 4 1 150
72 4 2 after
72 4 3 6
72 5 0 gt
72 5 1 27
72 5 2 after
72 5 3 1
72 4 0 eq
72 4 1 120
72 4 2 after
72 4 3 8
72 6 0 gt
72 6 1 57
72 6 2 at
72 3 0 geq
72 3 1 60
72 3 2 before
72 3 3 8
72 5 0 geq
72 5 1 33
72 5 2 within
72 5 3 10
72 5 4 7
72 3 0 geq
72 3 1 45
72 3 2 within
72 3 3 3
72 3 4 4
72 4 0 eq
72 4 1 60
72 4 2 before
72 4 3 5
72 6 0 geq
72 6 1 65
72 6 2 before
72 5 0 gt
72 5 1 23
72 5 2 before
72 5 3 10
72 6 0 geq
72 6 1 62
72 6 2 before
72 4 0 eq
72 4 1 60
72 4 2 before
72 4 3 8
72 5 0 gt
72 5 1 20
72 5 2 at
72 5 3 6
72 3 0 geq
72 3 1 45
72 3 2 after
72 3 3 3
72 3 0 geq
72 3 1 45
72 3 2 before
72 3 3 7
72 4 0 eq
72 4 1 75
72 4 2 at
72 4 3 8
72 6 0 geq
72 6 1 65
72 6 2 after
72 5 0 geq
72 5 1 22
72 5 2 before
72 5 3 6
72 6 0 geq
72 6 1 50
72 6 2 at
72 5 0 geq
72 5 1 19
72 5 2 before
72 5 3 7
72 4 0 eq
72 4 1 150
72 4 2 at
72 4 3 8
72 3 0 geq
72 3 1 45
72 3 2 after
72 3 3 4
72 6 0 gt
72 6 1 64
72 6 2 at
72 5 0 geq
72 5 1 27
72 5 2 at
72 5 3 3
72 4 0 eq
72 4 1 60
72 4 2 after
72 4 3 1
72 3 0 geq
72 3 1 45
72 3 2 after
72 3 3 7
72 3 0 geq
72 3 1 60
72 3 2 within
72 3 3 4
72 3 4 9
72 5 0 gt
72 5 1 26
72 5 2 within
72 5 3 10
72 5 4 3
72 6 0 geq
72 6 1 52
72 6 2 at
72 4 0 eq
72 4 1 150
72 4 2 after
72 4 3 7
72 5 0 gt
72 5 1 19
72 5 2 at
72 5 3 5
72 6 0 geq
72 6 1 64
72 6 2 at
72 3 0 geq
72 3 1 60
72 3 2 after
72 3 3 2
72 4 0 eq
72 4 1 75
72 4 2 before
72 4 3 4
72 6 0 geq
72 6 1 60
72 6 2 after
72 5 0 geq
72 5 1 18
72 5 2 within
72 5 3 2
72 5 4 10
72 4 0 eq
72 4 1 120
72 4 2 at
72 4 3 4
72 3 0 geq
72 3 1 60
72 3 2 within
72 3 3 5
72 3 4 9
72 6 0 geq
72 6 1 58
72 6 2 at
72 4 0 eq
72 4 1 120
72 4 2 at
72 4 3 5
72 3 0 geq
72 3 1 60
72 3 2 after
72 3 3 6
72 5 0 geq
72 5 1 34
72 5 2 at
72 5 3 7
72 4 0 eq
72 4 1 60
72 4 2 at
72 4 3 5
72 6 0 gt
72 6 1 55
72 6 2 before
72 3 0 geq
72 3 1 45
72 3 2 after
72 3 3 3
72 5 0 geq
72 5 1 23
72 5 2 at
72 5 3 7
72 6 0 gt
72 6 1 60
72 6 2 after
72 4 0 eq
72 4 1 150
72 4 2 at
72 4 3 4
72 3 0 geq
72 3 1 60
72 3 2 before
72 3 3 6
72 5 0 geq
72 5 1 18
72 5 2 after
72 5 3 7
72 6 0 geq
72 6 1 59
72 6 2 before
72 3 0 geq
72 3 1 60
72 3 2 after
72 3 3 1
72 4 0 eq
72 4 1 60
72 4 2 before
72 4 3 11
72 5 0 gt
72 5 1 21
72 5 2 at
72 5 3 8
72 1 0 geq
72 1 1 45
72 1 2 at
72 1 3 10
72 7 0 gt
72 7 1 22
72 7 2 before
72 7 3 5
72 1 0 geq
72 1 1 60
72 1 2 after
72 1 3 7
72 7 0 gt
72 7 1 23
72 7 2 before
72 7 3 3
72 1 0 geq
72 1 1 60
72 1 2 within
72 1 3 4
72 1 4 3
72 7 0 geq
72 7 1 18
72 7 2 after
72 7 3 3
72 7 0 gt
72 7 1 17
72 7 2 after
72 7 3 4
72 1 0 geq
72 1 1 60
72 1 2 after
72 1 3 7
72 1 0 geq
72 1 1 60
72 1 2 before
72 1 3 7
72 7 0 geq
72 7 1 20
72 7 2 at
72 7 3 6
72 7 0 gt
72 7 1 19
72 7 2 within
72 7 3 7
72 7 4 10
72 1 0 geq
72 1 1 60
72 1 2 within
72 1 3 3
72 1 4 6
72 7 0 geq
72 7 1 18
72 7 2 within
72 7 3 9
72 7 4 4
72 1 0 geq
72 1 1 45
72 1 2 within
72 1 3 5
72 1 4 3
72 1 0 geq
72 1 1 45
72 1 2 at
72 1 3 7
72 7 0 geq
72 7 1 17
72 7 2 after
72 7 3 2
72 7 0 geq
72 7 1 22
72 7 2 before
72 7 3 6
72 1 0 geq
72 1 1 45
72 1 2 before
72 1 3 11
72 1 0 geq
72 1 1 45
72 1 2 within
72 1 3 11
72 1 4 5
72 7 0 geq
72 7 1 22
72 7 2 at
72 7 3 10
72 1 0 geq
72 1 1 60
72 1 2 within
72 1 3 4
72 1 4 6
72 7 0 gt
72 7 1 18
72 7 2 after
72 7 3 4
72 1 0 geq
72 1 1 45
72 1 2 after
72 1 3 4
72 7 0 geq
72 7 1 20
72 7 2 before
72 7 3 7
72 1 0 geq
72 1 1 60
72 1 2 after
72 1 3 9
72 7 0 gt
72 7 1 24
72 7 2 before
72 7 3 11
72 1 0 geq
72 1 1 60
72 1 2 at
72 1 3 3
72 7 0 gt
72 7 1 17
72 7 2 at
72 7 3 5
72 7 0 geq
72 7 1 19
72 7 2 before
72 7 3 4
72 1 0 geq
72 1 1 60
72 1 2 after
72 1 3 2
72 1 0 geq
72 1 1 60
72 1 2 before
72 1 3 6
72 7 0 geq
72 7 1 17
72 7 2 after
72 7 3 10
72 1 0 geq
72 1 1 45
72 1 2 within
72 1 3 6
72 1 4 10
72 7 0 geq
72 7 1 17
72 7 2 after
72 7 3 5
72 1 0 geq
72 1 1 45
72 1 2 before
72 1 3 4
72 7 0 gt
72 7 1 23
72 7 2 before
72 7 3 9
72 1 0 geq
72 1 1 60
72 1 2 within
72 1 3 10
72 1 4 9
72 7 0 geq
72 7 1 23
72 7 2 within
72 7 3 6
72 7 4 9
72 7 0 geq
72 7 1 19
72 7 2 within
72 7 3 10
72 7 4 5
72 1 0 geq
72 1 1 60
72 1 2 after
72 1 3 8
72 1 0 geq
72 1 1 45
72 1 2 within
72 1 3 4
72 1 4 5
72 7 0 geq
72 7 1 24
72 7 2 within
72 7 3 10
72 7 4 3
72 1 0 geq
72 1 1 60
72 1 2 after
72 1 3 3
72 7 0 gt
72 7 1 24
72 7 2 at
72 7 3 3
72 7 0 gt
72 7 1 24
72 7 2 within
72 7 3 8
72 7 4 3
72 1 0 geq
72 1 1 60
72 1 2 after
72 1 3 2
72 1 0 geq
72 1 1 45
72 1 2 within
72 1 3 4
72 1 4 8
72 7 0 geq
72 7 1 22
72 7 2 within
72 7 3 9
72 7 4 6
72 7 0 gt
72 7 1 24
72 7 2 after
72 7 3 4
72 1 0 geq
72 1 1 60
72 1 2 at
72 1 3 10
72 7 0 geq
72 7 1 18
72 7 2 at
72 7 3 7
72 1 0 geq
72 1 1 60
72 1 2 at
72 1 3 8
72 7 0 geq
72 7 1 22
72 7 2 after
72 7 3 4
72 1 0 geq
72 1 1 60
72 1 2 within
72 1 3 7
72 1 4 11
72 7 0 gt
72 7 1 23
72 7 2 within
72 7 3 4
72 7 4 7
72 1 0 geq
72 1 1 45
72 1 2 at
72 1 3 7
72 1 0 geq
72 1 1 45
72 1 2 after
72 1 3 8
72 7 0 gt
72 7 1 19
72 7 2 after
72 7 3 7
72 1 0 geq
72 1 1 60
72 1 2 at
72 1 3 10
72 7 0 gt
72 7 1 17
72 7 2 after
72 7 3 3
72 1 0 geq
72 1 1 60
72 1 2 before
72 1 3 11
72 7 0 geq
72 7 1 24
72 7 2 within
72 7 3 3
72 7 4 11
72 7 0 geq
72 7 1 18
72 7 2 after
72 7 3 8
72 1 0 geq
72 1 1 45
72 1 2 after
72 1 3 2
72 1 0 geq
72 1 1 45
72 1 2 before
72 1 3 5
72 7 0 geq
72 7 1 22
72 7 2 within
72 7 3 7
72 7 4 3
72 7 0 geq
72 7 1 21
72 7 2 at
72 7 3 6
72 1 0 geq
72 1 1 60
72 1 2 at
72 1 3 6
72 1 0 geq
72 1 1 45
72 1 2 at
72 1 3 6
72 7 0 geq
72 7 1 19
72 7 2 before
72 7 3 7
72 1 0 geq
72 1 1 60
72 1 2 within
72 1 3 5
72 1 4 3
72 7 0 geq
72 7 1 22
72 7 2 within
72 7 3 9
72 7 4 4
72 7 0 geq
72 7 1 20
72 7 2 after
72 7 3 5
72 1 0 geq
72 1 1 45
72 1 2 within
72 1 3 11
72 1 4 10
72 1 0 geq
72 1 1 60
72 1 2 before
72 1 3 9
72 7 0 gt
72 7 1 20
72 7 2 after
72 7 3 8
72 7 0 geq
72 7 1 18
72 7 2 within
72 7 3 4
72 7 4 3
72 1 0 geq
72 1 1 45
72 1 2 within
72 1 3 7
72 1 4 3
72 1 0 geq
72 1 1 60
72 1 2 before
72 1 3 6
72 7 0 gt
72 7 1 17
72 7 2 before
72 7 3 7
72 7 0 geq
72 7 1 20
72 7 2 before
72 7 3 10
72 1 0 geq
72 1 1 45
72 1 2 at
72 1 3 7
72 7 0 gt
72 7 1 17
72 7 2 within
72 7 3 7
72 7 4 5
72 1 0 geq
72 1 1 45
72 1 2 at
72 1 3 8
72 7 0 geq
72 7 1 23
72 7 2 within
72 7 3 8
72 7 4 4
72 1 0 geq
72 1 1 45
72 1 2 before
72 1 3 8
72 1 0 geq
72 1 1 60
72 1 2 after
72 1 3 8
72 7 0 gt
72 7 1 17
72 7 2 within
72 7 3 8
72 7 4 6
72 7 0 gt
72 7 1 20
72 7 2 before
72 7 3 7
72 1 0 geq
72 1 1 45
72 1 2 before
72 1 3 5
72 1 0 geq
72 1 1 60
72 1 2 before
72 1 3 9
72 7 0 geq
72 7 1 18
72 7 2 before
72 7 3 10
72 7 0 geq
72 7 1 22
72 7 2 at
72 7 3 3
72 1 0 geq
72 1 1 60
72 1 2 before
72 1 3 3
72 1 0 geq
72 1 1 60
72 1 2 within
72 1 3 6
72 1 4 3
72 7 0 gt
72 7 1 20
72 7 2 within
72 7 3 8
72 7 4 4
72 1 0 geq
72 1 1 45
72 1 2 before
72 1 3 10
72 7 0 geq
72 7 1 18
72 7 2 before
72 7 3 6
72 1 0 geq
72 1 1 60
72 1 2 at
72 1 3 11
72 7 0 geq
72 7 1 23
72 7 2 at
72 7 3 11
72 1 0 geq
72 1 1 45
72 1 2 at
72 1 3 4
72 7 0 geq
72 7 1 24
72 7 2 before
72 7 3 5
72 7 0 geq
72 7 1 23
72 7 2 after
72 7 3 3
72 1 0 geq
72 1 1 60
72 1 2 at
72 1 3 4
72 1 0 geq
72 1 1 60
72 1 2 after
72 1 3 4
72 7 0 geq
72 7 1 19
72 7 2 at
72 7 3 4
72 7 0 geq
72 7 1 20
72 7 2 after
72 7 3 3
72 1 0 geq
72 1 1 45
72 1 2 within
72 1 3 8
72 1 4 4
72 1 0 geq
72 1 1 45
72 1 2 after
72 1 3 4
72 7 0 gt
72 7 1 23
72 7 2 within
72 7 3 7
72 7 4 11
72 7 0 gt
72 7 1 24
72 7 2 within
72 7 3 6
72 7 4 9
72 1 0 geq
72 1 1 60
72 1 2 after
72 1 3 7
72 1 0 geq
72 1 1 45
72 1 2 at
72 1 3 9
72 7 0 gt
72 7 1 20
72 7 2 within
72 7 3 6
72 7 4 8
72 1 0 geq
72 1 1 60
72 1 2 within
72 1 3 5
72 1 4 11
72 7 0 gt
72 7 1 24
72 7 2 at
72 7 3 10
72 7 0 gt
72 7 1 24
72 7 2 within
72 7 3 11
72 7 4 4
72 1 0 geq
72 1 1 60
72 1 2 after
72 1 3 8
72 7 0 geq
72 7 1 21
72 7 2 at
72 7 3 8
72 1 0 geq
72 1 1 45
72 1 2 after
72 1 3 4
72 1 0 geq
72 1 1 60
72 1 2 at
72 1 3 4
72 7 0 gt
72 7 1 18
72 7 2 after
72 7 3 9
72 7 0 geq
72 7 1 18
72 7 2 before
72 7 3 9
72 1 0 geq
72 1 1 60
72 1 2 before
72 1 3 3
72 7 0 geq
72 7 1 24
72 7 2 within
72 7 3 8
72 7 4 7
72 1 0 geq
72 1 1 45
72 1 2 after
72 1 3 2
72 1 0 geq
72 1 1 60
72 1 2 before
72 1 3 11
72 7 0 gt
72 7 1 19
72 7 2 before
72 7 3 5
72 7 0 geq
72 7 1 19
72 7 2 within
72 7 3 11
72 7 4 4
72 1 0 geq
72 1 1 60
72 1 2 before
72 1 3 9
72 1 0 geq
72 1 1 45
72 1 2 before
72 1 3 4
72 7 0 gt
72 7 1 18
72 7 2 at
72 7 3 7
72 1 0 geq
72 1 1 60
72 1 2 at
72 1 3 4
72 7 0 gt
72 7 1 20
72 7 2 at
72 7 3 9
72 1 0 geq
72 1 1 60
72 1 2 before
72 1 3 7
72 7 0 geq
72 7 1 18
72 7 2 at
72 7 3 9
72 1 0 geq
72 1 1 60
72 1 2 at
72 1 3 10
72 7 0 gt
72 7 1 17
72 7 2 at
72 7 3 6
72 1 0 geq
72 1 1 60
72 1 2 before
72 1 3 6
72 7 0 geq
72 7 1 18
72 7 2 after
72 7 3 8
72 1 0 geq
72 1 1 45
72 1 2 within
72 1 3 4
72 1 4 6
72 7 0 geq
72 7 1 19
72 7 2 within
72 7 3 8
72 7 4 10
