1 3 0 geq
1 3 1 45
1 3 2 after
1 3 3 4
1 1 0 geq
1 1 1 45
1 1 2 within
1 1 3 7
1 1 4 8
1 5 0 geq
1 5 1 29
1 5 2 after
1 5 3 8
1 4 0 eq
1 4 1 150
1 4 2 after
1 4 3 6
1 6 0 geq
1 6 1 56
1 6 2 after
1 2 0 geq
1 2 1 60
1 2 2 within
1 2 3 10
1 2 4 11
2 3 0 geq
2 3 1 45
2 3 2 after
2 3 3 8
2 7 0 geq
2 7 1 18
2 7 2 at
2 7 3 7
2 6 0 gt
2 6 1 54
2 6 2 after
2 5 0 gt
2 5 1 32
2 5 2 at
2 5 3 6
2 4 0 eq
2 4 1 120
2 4 2 after
2 4 3 2
2 8 0 geq
2 8 1 78
2 8 2 at
2 8 3 9
3 2 0 geq
3 2 1 60
3 2 2 before
3 2 3 5
3 8 0 gt
3 8 1 59
3 8 2 within
3 8 3 7
3 8 4 9
3 3 0 geq
3 3 1 45
3 3 2 within
3 3 3 4
3 3 4 5
3 7 0 geq
3 7 1 19
3 7 2 before
3 7 3 10
3 5 0 gt
3 5 1 33
3 5 2 within
3 5 3 10
3 5 4 8
3 1 0 geq
3 1 1 60
3 1 2 at
3 1 3 3
4 7 0 geq
4 7 1 22
4 7 2 before
4 7 3 7
4 2 0 geq
4 2 1 45
4 2 2 within
4 2 3 5
4 2 4 4
4 4 0 eq
4 4 1 120
4 4 2 before
4 4 3 4
4 6 0 gt
4 6 1 50
4 6 2 at
4 8 0 gt
4 8 1 63
4 8 2 within
4 8 3 7
4 8 4 6
4 5 0 gt
4 5 1 36
4 5 2 before
4 5 3 9
5 3 0 geq
5 3 1 60
5 3 2 within
5 3 3 5
5 3 4 6
5 5 0 gt
5 5 1 35
5 5 2 within
5 5 3 5
5 5 4 6
5 2 0 geq
5 2 1 45
5 2 2 after
5 2 3 8
5 7 0 geq
5 7 1 23
5 7 2 after
5 7 3 2
5 8 0 gt
5 8 1 76
5 8 2 after
5 8 3 7
5 4 0 eq
5 4 1 120
5 4 2 after
5 4 3 3
6 6 0 gt
6 6 1 59
6 6 2 before
6 5 0 gt
6 5 1 37
6 5 2 at
6 5 3 6
6 4 0 eq
6 4 1 60
6 4 2 before
6 4 3 9
6 3 0 geq
6 3 1 45
6 3 2 within
6 3 3 7
6 3 4 3
6 7 0 gt
6 7 1 18
6 7 2 after
6 7 3 7
6 8 0 gt
6 8 1 59
6 8 2 at
6 8 3 5
7 3 0 geq
7 3 1 45
7 3 2 before
7 3 3 10
7 6 0 geq
7 6 1 56
7 6 2 at
7 5 0 gt
7 5 1 40
7 5 2 after
7 5 3 2
7 4 0 eq
7 4 1 60
7 4 2 at
7 4 3 8
7 2 0 geq
7 2 1 45
7 2 2 before
7 2 3 11
7 7 0 geq
7 7 1 17
7 7 2 after
7 7 3 6
8 7 0 gt
8 7 1 20
8 7 2 within
8 7 3 3
8 7 4 9
8 2 0 geq
8 2 1 45
8 2 2 within
8 2 3 6
8 2 4 11
8 8 0 gt
8 8 1 71
8 8 2 at
8 8 3 11
8 5 0 geq
8 5 1 24
8 5 2 at
8 5 3 3
8 4 0 eq
8 4 1 60
8 4 2 within
8 4 3 8
8 4 4 6
8 6 0 geq
8 6 1 60
8 6 2 at
9 4 0 eq
9 4 1 60
9 4 2 within
9 4 3 8
9 4 4 9
9 5 0 geq
9 5 1 28
9 5 2 after
9 5 3 3
9 7 0 geq
9 7 1 24
9 7 2 before
9 7 3 5
9 3 0 geq
9 3 1 60
9 3 2 at
9 3 3 6
9 2 0 geq
9 2 1 60
9 2 2 after
9 2 3 8
9 1 0 geq
9 1 1 60
9 1 2 before
9 1 3 7
10 4 0 eq
10 4 1 75
10 4 2 before
10 4 3 6
10 2 0 geq
10 2 1 45
10 2 2 within
10 2 3 10
10 2 4 5
10 8 0 geq
10 8 1 78
10 8 2 at
10 8 3 11
10 7 0 gt
10 7 1 24
10 7 2 after
10 7 3 5
10 3 0 geq
10 3 1 60
10 3 2 before
10 3 3 3
10 6 0 gt
10 6 1 50
10 6 2 at
11 7 0 gt
11 7 1 20
11 7 2 after
11 7 3 3
11 8 0 geq
11 8 1 77
11 8 2 after
11 8 3 2
11 6 0 geq
11 6 1 55
11 6 2 at
11 5 0 gt
11 5 1 22
11 5 2 before
11 5 3 5
11 2 0 geq
11 2 1 45
11 2 2 within
11 2 3 11
11 2 4 8
11 1 0 geq
11 1 1 45
11 1 2 before
11 1 3 7
12 2 0 geq
12 2 1 45
12 2 2 after
12 2 3 5
12 5 0 gt
12 5 1 38
12 5 2 before
12 5 3 4
12 7 0 gt
12 7 1 18
12 7 2 after
12 7 3 9
12 4 0 eq
12 4 1 75
12 4 2 within
12 4 3 7
12 4 4 5
12 8 0 gt
12 8 1 66
12 8 2 before
12 8 3 10
12 1 0 geq
12 1 1 60
12 1 2 after
12 1 3 9
13 1 0 geq
13 1 1 60
13 1 2 before
13 1 3 8
13 3 0 geq
13 3 1 60
13 3 2 at
13 3 3 11
13 5 0 gt
13 5 1 31
13 5 2 at
13 5 3 5
13 7 0 gt
13 7 1 17
13 7 2 at
13 7 3 6
13 6 0 gt
13 6 1 63
13 6 2 after
13 8 0 gt
13 8 1 76
13 8 2 before
13 8 3 11
14 8 0 geq
14 8 1 63
14 8 2 at
14 8 3 6
14 3 0 geq
14 3 1 45
14 3 2 before
14 3 3 5
14 1 0 geq
14 1 1 60
14 1 2 after
14 1 3 7
14 2 0 geq
14 2 1 60
14 2 2 after
14 2 3 2
14 7 0 geq
14 7 1 22
14 7 2 within
14 7 3 10
14 7 4 11
14 5 0 geq
14 5 1 19
14 5 2 before
14 5 3 5
15 8 0 gt
15 8 1 54
15 8 2 before
15 8 3 11
15 5 0 gt
15 5 1 15
15 5 2 before
15 5 3 5
15 3 0 geq
15 3 1 60
15 3 2 within
15 3 3 3
15 3 4 10
15 1 0 geq
15 1 1 45
15 1 2 before
15 1 3 11
15 7 0 gt
15 7 1 17
15 7 2 before
15 7 3 4
15 2 0 geq
15 2 1 45
15 2 2 within
15 2 3 6
15 2 4 10
16 2 0 geq
16 2 1 45
16 2 2 after
16 2 3 5
16 5 0 gt
16 5 1 22
16 5 2 at
16 5 3 9
16 7 0 geq
16 7 1 22
16 7 2 at
16 7 3 6
16 6 0 geq
16 6 1 53
16 6 2 at
16 8 0 geq
16 8 1 80
16 8 2 before
16 8 3 7
16 3 0 geq
16 3 1 45
16 3 2 at
16 3 3 7
17 5 0 geq
17 5 1 40
17 5 2 before
17 5 3 11
17 7 0 geq
17 7 1 21
17 7 2 within
17 7 3 7
17 7 4 3
17 8 0 geq
17 8 1 58
17 8 2 at
17 8 3 9
17 2 0 geq
17 2 1 45
17 2 2 at
17 2 3 7
17 6 0 gt
17 6 1 56
17 6 2 at
17 3 0 geq
17 3 1 60
17 3 2 within
17 3 3 10
17 3 4 9
18 5 0 gt
18 5 1 23
18 5 2 before
18 5 3 5
18 6 0 gt
18 6 1 53
18 6 2 after
18 7 0 geq
18 7 1 24
18 7 2 within
18 7 3 8
18 7 4 3
18 1 0 geq
18 1 1 60
18 1 2 after
18 1 3 1
18 8 0 gt
18 8 1 55
18 8 2 after
18 8 3 7
18 3 0 geq
18 3 1 45
18 3 2 at
18 3 3 11
19 2 0 geq
19 2 1 45
19 2 2 before
19 2 3 11
19 8 0 gt
19 8 1 79
19 8 2 after
19 8 3 2
19 5 0 gt
19 5 1 28
19 5 2 at
19 5 3 8
19 1 0 geq
19 1 1 60
19 1 2 before
19 1 3 9
19 7 0 gt
19 7 1 24
19 7 2 within
19 7 3 4
19 7 4 9
19 4 0 eq
19 4 1 60
19 4 2 at
19 4 3 7
20 7 0 geq
20 7 1 24
20 7 2 at
20 7 3 5
20 1 0 geq
20 1 1 45
20 1 2 before
20 1 3 11
20 2 0 geq
20 2 1 60
20 2 2 within
20 2 3 3
20 2 4 9
20 8 0 geq
20 8 1 76
20 8 2 after
20 8 3 8
20 4 0 eq
20 4 1 150
20 4 2 at
20 4 3 8
20 3 0 geq
20 3 1 45
20 3 2 within
20 3 3 6
20 3 4 4
21 1 0 geq
21 1 1 60
21 1 2 before
21 1 3 11
21 6 0 geq
21 6 1 58
21 6 2 before
21 8 0 geq
21 8 1 76
21 8 2 within
21 8 3 7
21 8 4 8
21 5 0 geq
21 5 1 27
21 5 2 within
21 5 3 10
21 5 4 6
21 7 0 geq
21 7 1 21
21 7 2 before
21 7 3 6
21 3 0 geq
21 3 1 60
21 3 2 before
21 3 3 4
22 6 0 gt
22 6 1 63
22 6 2 at
22 1 0 geq
22 1 1 45
22 1 2 within
22 1 3 7
22 1 4 8
22 2 0 geq
22 2 1 45
22 2 2 before
22 2 3 9
22 8 0 gt
22 8 1 60
22 8 2 at
22 8 3 4
22 4 0 eq
22 4 1 60
22 4 2 after
22 4 3 2
22 3 0 geq
22 3 1 45
22 3 2 after
22 3 3 7
23 5 0 gt
23 5 1 38
23 5 2 after
23 5 3 3
23 4 0 eq
23 4 1 75
23 4 2 after
23 4 3 1
23 2 0 geq
23 2 1 60
23 2 2 before
23 2 3 3
23 6 0 geq
23 6 1 51
23 6 2 at
23 3 0 geq
23 3 1 45
23 3 2 within
23 3 3 6
23 3 4 5
23 8 0 gt
23 8 1 54
23 8 2 within
23 8 3 8
23 8 4 9
24 8 0 gt
24 8 1 61
24 8 2 before
24 8 3 10
24 7 0 geq
24 7 1 18
24 7 2 within
24 7 3 10
24 7 4 4
24 4 0 eq
24 4 1 120
24 4 2 at
24 4 3 11
24 2 0 geq
24 2 1 45
24 2 2 after
24 2 3 6
24 1 0 geq
24 1 1 45
24 1 2 before
24 1 3 8
24 6 0 geq
24 6 1 59
24 6 2 after
25 2 0 geq
25 2 1 60
25 2 2 after
25 2 3 9
25 8 0 gt
25 8 1 76
25 8 2 within
25 8 3 7
25 8 4 11
25 3 0 geq
25 3 1 45
25 3 2 at
25 3 3 4
25 4 0 eq
25 4 1 120
25 4 2 after
25 4 3 8
25 6 0 geq
25 6 1 62
25 6 2 at
25 1 0 geq
25 1 1 60
25 1 2 before
25 1 3 4
26 6 0 geq
26 6 1 59
26 6 2 at
26 5 0 geq
26 5 1 31
26 5 2 within
26 5 3 4
26 5 4 11
26 4 0 eq
26 4 1 120
26 4 2 after
26 4 3 8
26 2 0 geq
26 2 1 45
26 2 2 before
26 2 3 6
26 8 0 gt
26 8 1 64
26 8 2 at
26 8 3 6
26 7 0 gt
26 7 1 24
26 7 2 before
26 7 3 10
27 7 0 gt
27 7 1 19
27 7 2 at
27 7 3 9
27 4 0 eq
27 4 1 150
27 4 2 at
27 4 3 7
27 2 0 geq
27 2 1 45
27 2 2 within
27 2 3 6
27 2 4 11
27 1 0 geq
27 1 1 60
27 1 2 at
27 1 3 8
27 8 0 geq
27 8 1 65
27 8 2 before
27 8 3 7
27 6 0 gt
27 6 1 55
27 6 2 at
28 2 0 geq
28 2 1 45
28 2 2 before
28 2 3 3
28 5 0 geq
28 5 1 25
28 5 2 within
28 5 3 6
28 5 4 3
28 8 0 gt
28 8 1 63
28 8 2 before
28 8 3 10
28 1 0 geq
28 1 1 45
28 1 2 after
28 1 3 3
28 3 0 geq
28 3 1 60
28 3 2 within
28 3 3 3
28 3 4 9
28 4 0 eq
28 4 1 120
28 4 2 after
28 4 3 7
29 6 0 gt
29 6 1 65
29 6 2 at
29 5 0 geq
29 5 1 39
29 5 2 after
29 5 3 2
29 7 0 geq
29 7 1 18
29 7 2 within
29 7 3 8
29 7 4 5
29 1 0 geq
29 1 1 60
29 1 2 at
29 1 3 6
29 3 0 geq
29 3 1 60
29 3 2 after
29 3 3 1
29 4 0 eq
29 4 1 150
29 4 2 at
29 4 3 9
30 3 0 geq
30 3 1 60
30 3 2 after
30 3 3 5
30 4 0 eq
30 4 1 60
30 4 2 at
30 4 3 7
30 1 0 geq
30 1 1 60
30 1 2 before
30 1 3 3
30 6 0 geq
30 6 1 54
30 6 2 at
30 2 0 geq
30 2 1 45
30 2 2 at
30 2 3 4
30 5 0 geq
30 5 1 27
30 5 2 within
30 5 3 8
30 5 4 10
31 3 0 geq
31 3 1 60
31 3 2 after
31 3 3 8
31 5 0 geq
31 5 1 24
31 5 2 within
31 5 3 5
31 5 4 10
31 4 0 eq
31 4 1 75
31 4 2 before
31 4 3 6
31 8 0 geq
31 8 1 55
31 8 2 at
31 8 3 5
31 7 0 gt
31 7 1 21
31 7 2 after
31 7 3 2
31 2 0 geq
31 2 1 45
31 2 2 after
31 2 3 9
32 2 0 geq
32 2 1 60
32 2 2 after
32 2 3 2
32 8 0 gt
32 8 1 50
32 8 2 after
32 8 3 1
32 7 0 gt
32 7 1 21
32 7 2 within
32 7 3 5
32 7 4 4
32 6 0 geq
32 6 1 58
32 6 2 at
32 5 0 gt
32 5 1 16
32 5 2 within
32 5 3 5
32 5 4 6
32 4 0 eq
32 4 1 75
32 4 2 after
32 4 3 9
33 3 0 geq
33 3 1 45
33 3 2 after
33 3 3 6
33 6 0 gt
33 6 1 55
33 6 2 at
33 7 0 geq
33 7 1 20
33 7 2 at
33 7 3 4
33 4 0 eq
33 4 1 60
33 4 2 within
33 4 3 10
33 4 4 6
33 2 0 geq
33 2 1 45
33 2 2 within
33 2 3 8
33 2 4 5
33 5 0 gt
33 5 1 19
33 5 2 before
33 5 3 11
34 4 0 eq
34 4 1 150
34 4 2 before
34 4 3 6
34 8 0 gt
34 8 1 71
34 8 2 before
34 8 3 6
34 6 0 gt
34 6 1 56
34 6 2 at
34 3 0 geq
34 3 1 45
34 3 2 after
34 3 3 4
34 7 0 geq
34 7 1 24
34 7 2 within
34 7 3 5
34 7 4 6
34 1 0 geq
34 1 1 60
34 1 2 after
34 1 3 8
35 5 0 gt
35 5 1 20
35 5 2 at
35 5 3 10
35 8 0 geq
35 8 1 68
35 8 2 at
35 8 3 6
35 4 0 eq
35 4 1 150
35 4 2 within
35 4 3 5
35 4 4 11
35 1 0 geq
35 1 1 60
35 1 2 after
35 1 3 7
35 2 0 geq
35 2 1 60
35 2 2 before
35 2 3 6
35 6 0 geq
35 6 1 55
35 6 2 after
36 6 0 geq
36 6 1 54
36 6 2 before
36 2 0 geq
36 2 1 45
36 2 2 after
36 2 3 2
36 5 0 gt
36 5 1 24
36 5 2 after
36 5 3 5
36 8 0 gt
36 8 1 57
36 8 2 after
36 8 3 7
36 4 0 eq
36 4 1 60
36 4 2 at
36 4 3 6
36 1 0 geq
36 1 1 45
36 1 2 before
36 1 3 5
37 8 0 gt
37 8 1 51
37 8 2 within
37 8 3 10
37 8 4 9
37 6 0 gt
37 6 1 53
37 6 2 after
37 1 0 geq
37 1 1 60
37 1 2 after
37 1 3 9
37 4 0 eq
37 4 1 120
37 4 2 after
37 4 3 8
37 2 0 geq
37 2 1 60
37 2 2 after
37 2 3 6
37 7 0 geq
37 7 1 19
37 7 2 before
37 7 3 4
38 2 0 geq
38 2 1 60
38 2 2 at
38 2 3 3
38 4 0 eq
38 4 1 60
38 4 2 before
38 4 3 4
38 3 0 geq
38 3 1 45
38 3 2 within
38 3 3 3
38 3 4 7
38 6 0 gt
38 6 1 53
38 6 2 after
38 8 0 geq
38 8 1 77
38 8 2 after
38 8 3 4
38 7 0 geq
38 7 1 20
38 7 2 before
38 7 3 8
39 1 0 geq
39 1 1 60
39 1 2 within
39 1 3 4
39 1 4 10
39 5 0 gt
39 5 1 36
39 5 2 at
39 5 3 6
39 4 0 eq
39 4 1 75
39 4 2 before
39 4 3 5
39 6 0 geq
39 6 1 60
39 6 2 before
39 3 0 geq
39 3 1 45
39 3 2 after
39 3 3 4
39 7 0 geq
39 7 1 20
39 7 2 within
39 7 3 7
39 7 4 3
40 1 0 geq
40 1 1 60
40 1 2 after
40 1 3 6
40 6 0 geq
40 6 1 59
40 6 2 at
40 3 0 geq
40 3 1 60
40 3 2 after
40 3 3 8
40 4 0 eq
40 4 1 75
40 4 2 within
40 4 3 7
40 4 4 3
40 5 0 geq
40 5 1 31
40 5 2 within
40 5 3 5
40 5 4 4
40 7 0 geq
40 7 1 22
40 7 2 after
40 7 3 6
41 6 0 geq
41 6 1 50
41 6 2 at
41 5 0 gt
41 5 1 38
41 5 2 after
41 5 3 2
41 4 0 eq
41 4 1 75
41 4 2 after
41 4 3 2
41 1 0 geq
41 1 1 45
41 1 2 before
41 1 3 3
41 8 0 geq
41 8 1 58
41 8 2 after
41 8 3 3
41 2 0 geq
41 2 1 45
41 2 2 after
41 2 3 6
42 4 0 eq
42 4 1 75
42 4 2 after
42 4 3 1
42 8 0 gt
42 8 1 66
42 8 2 after
42 8 3 1
42 3 0 geq
42 3 1 60
42 3 2 after
42 3 3 8
42 6 0 gt
42 6 1 55
42 6 2 at
42 1 0 geq
42 1 1 45
42 1 2 after
42 1 3 8
42 5 0 gt
42 5 1 30
42 5 2 before
42 5 3 9
43 3 0 geq
43 3 1 60
43 3 2 after
43 3 3 8
43 7 0 gt
43 7 1 18
43 7 2 at
43 7 3 4
43 5 0 gt
43 5 1 37
43 5 2 at
43 5 3 6
43 8 0 geq
43 8 1 80
43 8 2 before
43 8 3 10
43 6 0 gt
43 6 1 61
43 6 2 at
43 1 0 geq
43 1 1 45
43 1 2 within
43 1 3 11
43 1 4 5
44 6 0 gt
44 6 1 58
44 6 2 after
44 7 0 gt
44 7 1 21
44 7 2 after
44 7 3 1
44 1 0 geq
44 1 1 60
44 1 2 before
44 1 3 7
44 5 0 geq
44 5 1 39
44 5 2 within
44 5 3 5
44 5 4 4
44 3 0 geq
44 3 1 45
44 3 2 before
44 3 3 5
44 4 0 eq
44 4 1 120
44 4 2 after
44 4 3 1
45 1 0 geq
45 1 1 45
45 1 2 after
45 1 3 6
45 7 0 gt
45 7 1 20
45 7 2 within
45 7 3 11
45 7 4 8
45 3 0 geq
45 3 1 45
45 3 2 before
45 3 3 5
45 2 0 geq
45 2 1 45
45 2 2 after
45 2 3 5
45 8 0 gt
45 8 1 72
45 8 2 at
45 8 3 6
45 6 0 gt
45 6 1 58
45 6 2 before
46 6 0 gt
46 6 1 54
46 6 2 before
46 8 0 gt
46 8 1 52
46 8 2 before
46 8 3 8
46 1 0 geq
46 1 1 60
46 1 2 within
46 1 3 7
46 1 4 9
46 2 0 geq
46 2 1 45
46 2 2 after
46 2 3 6
46 3 0 geq
46 3 1 60
46 3 2 after
46 3 3 9
46 4 0 eq
46 4 1 75
46 4 2 after
46 4 3 3
47 5 0 gt
47 5 1 35
47 5 2 at
47 5 3 7
47 6 0 geq
47 6 1 53
47 6 2 before
47 3 0 geq
47 3 1 45
47 3 2 within
47 3 3 6
47 3 4 9
47 7 0 geq
47 7 1 18
47 7 2 after
47 7 3 8
47 8 0 geq
47 8 1 73
47 8 2 within
47 8 3 11
47 8 4 10
47 1 0 geq
47 1 1 60
47 1 2 after
47 1 3 6
48 8 0 geq
48 8 1 68
48 8 2 at
48 8 3 10
48 6 0 gt
48 6 1 63
48 6 2 before
48 3 0 geq
48 3 1 45
48 3 2 before
48 3 3 8
48 5 0 gt
48 5 1 19
48 5 2 after
48 5 3 10
48 7 0 gt
48 7 1 19
48 7 2 at
48 7 3 4
48 2 0 geq
48 2 1 60
48 2 2 within
48 2 3 6
48 2 4 3
49 3 0 geq
49 3 1 45
49 3 2 before
49 3 3 4
49 7 0 geq
49 7 1 21
49 7 2 within
49 7 3 10
49 7 4 8
49 1 0 geq
49 1 1 45
49 1 2 after
49 1 3 4
49 4 0 eq
49 4 1 150
49 4 2 after
49 4 3 2
49 8 0 geq
49 8 1 56
49 8 2 within
49 8 3 8
49 8 4 11
49 2 0 geq
49 2 1 60
49 2 2 at
49 2 3 10
50 6 0 geq
50 6 1 52
50 6 2 before
50 4 0 eq
50 4 1 120
50 4 2 after
50 4 3 7
50 2 0 geq
50 2 1 60
50 2 2 within
50 2 3 4
50 2 4 9
50 1 0 geq
50 1 1 45
50 1 2 after
50 1 3 7
50 7 0 gt
50 7 1 21
50 7 2 after
50 7 3 3
50 5 0 gt
50 5 1 40
50 5 2 at
50 5 3 10
51 3 0 geq
51 3 1 45
51 3 2 before
51 3 3 11
51 6 0 geq
51 6 1 51
51 6 2 at
51 2 0 geq
51 2 1 45
51 2 2 within
51 2 3 3
51 2 4 11
51 4 0 eq
51 4 1 60
51 4 2 within
51 4 3 7
51 4 4 9
51 7 0 geq
51 7 1 17
51 7 2 at
51 7 3 6
51 5 0 geq
51 5 1 17
51 5 2 before
51 5 3 11
52 8 0 gt
52 8 1 65
52 8 2 at
52 8 3 11
52 2 0 geq
52 2 1 60
52 2 2 within
52 2 3 5
52 2 4 9
52 1 0 geq
52 1 1 45
52 1 2 within
52 1 3 3
52 1 4 6
52 7 0 gt
52 7 1 23
52 7 2 after
52 7 3 4
52 3 0 geq
52 3 1 60
52 3 2 before
52 3 3 8
52 4 0 eq
52 4 1 120
52 4 2 within
52 4 3 5
52 4 4 7
53 7 0 geq
53 7 1 22
53 7 2 before
53 7 3 11
53 3 0 geq
53 3 1 45
53 3 2 at
53 3 3 3
53 6 0 geq
53 6 1 60
53 6 2 at
53 4 0 eq
53 4 1 60
53 4 2 before
53 4 3 4
53 1 0 geq
53 1 1 45
53 1 2 before
53 1 3 5
53 5 0 geq
53 5 1 35
53 5 2 after
53 5 3 4
54 7 0 gt
54 7 1 23
54 7 2 at
54 7 3 5
54 3 0 geq
54 3 1 45
54 3 2 after
54 3 3 7
54 8 0 geq
54 8 1 52
54 8 2 before
54 8 3 9
54 4 0 eq
54 4 1 75
54 4 2 at
54 4 3 8
54 2 0 geq
54 2 1 45
54 2 2 at
54 2 3 7
54 5 0 geq
54 5 1 26
54 5 2 after
54 5 3 9
55 3 0 geq
55 3 1 45
55 3 2 at
55 3 3 7
55 2 0 geq
55 2 1 45
55 2 2 at
55 2 3 10
55 6 0 gt
55 6 1 55
55 6 2 after
55 7 0 gt
55 7 1 21
55 7 2 after
55 7 3 4
55 1 0 geq
55 1 1 60
55 1 2 at
55 1 3 8
55 8 0 gt
55 8 1 58
55 8 2 at
55 8 3 8
56 4 0 eq
56 4 1 120
56 4 2 after
56 4 3 4
56 1 0 geq
56 1 1 60
56 1 2 before
56 1 3 5
56 2 0 geq
56 2 1 45
56 2 2 within
56 2 3 3
56 2 4 11
56 7 0 gt
56 7 1 18
56 7 2 before
56 7 3 3
56 5 0 gt
56 5 1 21
56 5 2 before
56 5 3 3
56 6 0 geq
56 6 1 51
56 6 2 at
57 8 0 geq
57 8 1 60
57 8 2 before
57 8 3 9
57 3 0 geq
57 3 1 60
57 3 2 within
57 3 3 4
57 3 4 11
57 1 0 geq
57 1 1 45
57 1 2 at
57 1 3 8
57 5 0 geq
57 5 1 38
57 5 2 before
57 5 3 8
57 4 0 eq
57 4 1 60
57 4 2 within
57 4 3 9
57 4 4 11
57 7 0 geq
57 7 1 24
57 7 2 before
57 7 3 3
58 6 0 geq
58 6 1 50
58 6 2 before
58 5 0 geq
58 5 1 29
58 5 2 at
58 5 3 10
58 2 0 geq
58 2 1 60
58 2 2 after
58 2 3 2
58 7 0 geq
58 7 1 19
58 7 2 after
58 7 3 2
58 4 0 eq
58 4 1 120
58 4 2 within
58 4 3 8
58 4 4 10
58 8 0 gt
58 8 1 66
58 8 2 within
58 8 3 10
58 8 4 9
59 8 0 gt
59 8 1 66
59 8 2 after
59 8 3 3
59 4 0 eq
59 4 1 150
59 4 2 at
59 4 3 5
59 6 0 gt
59 6 1 63
59 6 2 at
59 5 0 geq
59 5 1 39
59 5 2 within
59 5 3 7
59 5 4 6
59 2 0 geq
59 2 1 60
59 2 2 before
59 2 3 5
59 3 0 geq
59 3 1 45
59 3 2 at
59 3 3 10
60 5 0 geq
60 5 1 19
60 5 2 before
60 5 3 7
60 6 0 gt
60 6 1 56
60 6 2 before
60 7 0 geq
60 7 1 17
60 7 2 after
60 7 3 10
60 2 0 geq
60 2 1 60
60 2 2 at
60 2 3 8
60 8 0 geq
60 8 1 65
60 8 2 after
60 8 3 3
60 1 0 geq
60 1 1 60
60 1 2 within
60 1 3 9
60 1 4 10
61 6 0 geq
61 6 1 52
61 6 2 at
61 1 0 geq
61 1 1 45
61 1 2 after
61 1 3 2
61 4 0 eq
61 4 1 75
61 4 2 after
61 4 3 6
61 5 0 geq
61 5 1 23
61 5 2 after
61 5 3 5
61 2 0 geq
61 2 1 60
61 2 2 after
61 2 3 3
61 8 0 gt
61 8 1 57
61 8 2 within
61 8 3 11
61 8 4 8
62 2 0 geq
62 2 1 45
62 2 2 after
62 2 3 8
62 7 0 geq
62 7 1 24
62 7 2 after
62 7 3 4
62 3 0 geq
62 3 1 45
62 3 2 before
62 3 3 4
62 8 0 geq
62 8 1 68
62 8 2 within
62 8 3 11
62 8 4 9
62 5 0 gt
62 5 1 35
62 5 2 within
62 5 3 6
62 5 4 5
62 1 0 geq
62 1 1 45
62 1 2 before
62 1 3 7
63 6 0 gt
63 6 1 55
63 6 2 before
63 7 0 gt
63 7 1 22
63 7 2 within
63 7 3 6
63 7 4 7
63 5 0 gt
63 5 1 26
63 5 2 within
63 5 3 6
63 5 4 7
63 8 0 gt
63 8 1 68
63 8 2 before
63 8 3 11
63 4 0 eq
63 4 1 120
63 4 2 within
63 4 3 9
63 4 4 6
63 3 0 geq
63 3 1 45
63 3 2 at
63 3 3 11
64 2 0 geq
64 2 1 45
64 2 2 within
64 2 3 11
64 2 4 9
64 7 0 geq
64 7 1 24
64 7 2 after
64 7 3 5
64 4 0 eq
64 4 1 120
64 4 2 after
64 4 3 3
64 3 0 geq
64 3 1 60
64 3 2 at
64 3 3 4
64 6 0 geq
64 6 1 50
64 6 2 after
64 8 0 geq
64 8 1 62
64 8 2 before
64 8 3 11
65 1 0 geq
65 1 1 60
65 1 2 before
65 1 3 3
65 7 0 geq
65 7 1 22
65 7 2 before
65 7 3 10
65 8 0 gt
65 8 1 68
65 8 2 at
65 8 3 11
65 4 0 eq
65 4 1 75
65 4 2 after
65 4 3 7
65 3 0 geq
65 3 1 60
65 3 2 within
65 3 3 10
65 3 4 4
65 5 0 gt
65 5 1 40
65 5 2 after
65 5 3 6
66 1 0 geq
66 1 1 60
66 1 2 within
66 1 3 3
66 1 4 7
66 2 0 geq
66 2 1 60
66 2 2 before
66 2 3 3
66 8 0 geq
66 8 1 52
66 8 2 at
66 8 3 10
66 3 0 geq
66 3 1 45
66 3 2 at
66 3 3 6
66 7 0 gt
66 7 1 19
66 7 2 at
66 7 3 4
66 6 0 geq
66 6 1 55
66 6 2 before
67 6 0 gt
67 6 1 61
67 6 2 after
67 7 0 geq
67 7 1 18
67 7 2 after
67 7 3 6
67 4 0 eq
67 4 1 60
67 4 2 after
67 4 3 4
67 1 0 geq
67 1 1 45
67 1 2 before
67 1 3 10
67 3 0 geq
67 3 1 45
67 3 2 before
67 3 3 8
67 5 0 geq
67 5 1 40
67 5 2 after
67 5 3 6
68 4 0 eq
68 4 1 150
68 4 2 at
68 4 3 9
68 3 0 geq
68 3 1 60
68 3 2 within
68 3 3 7
68 3 4 8
68 6 0 geq
68 6 1 59
68 6 2 at
68 5 0 gt
68 5 1 36
68 5 2 within
68 5 3 10
68 5 4 7
68 5 0 geq
68 5 1 27
68 5 2 within
68 5 3 9
68 5 4 7
68 4 0 eq
68 4 1 120
68 4 2 before
68 4 3 5
68 6 0 gt
68 6 1 65
68 6 2 before
68 3 0 geq
68 3 1 45
68 3 2 at
68 3 3 11
68 4 0 eq
68 4 1 60
68 4 2 after
68 4 3 6
68 3 0 geq
68 3 1 45
68 3 2 within
68 3 3 10
68 3 4 9
68 5 0 geq
68 5 1 39
68 5 2 before
68 5 3 9
68 6 0 geq
68 6 1 62
68 6 2 at
68 5 0 geq
68 5 1 24
68 5 2 before
68 5 3 5
68 6 0 geq
68 6 1 57
68 6 2 after
68 3 0 geq
68 3 1 45
68 3 2 within
68 3 3 3
68 3 4 11
68 4 0 eq
68 4 1 60
68 4 2 at
68 4 3 6
68 3 0 geq
68 3 1 60
68 3 2 before
68 3 3 4
68 6 0 geq
68 6 1 50
68 6 2 at
68 4 0 eq
68 4 1 150
68 4 2 before
68 4 3 6
68 5 0 gt
68 5 1 34
68 5 2 after
68 5 3 5
68 5 0 geq
68 5 1 36
68 5 2 after
68 5 3 2
68 3 0 geq
68 3 1 45
68 3 2 after
68 3 3 4
68 6 0 geq
68 6 1 61
68 6 2 at
68 4 0 eq
68 4 1 75
68 4 2 after
68 4 3 7
68 6 0 geq
68 6 1 57
68 6 2 at
68 4 0 eq
68 4 1 60
68 4 2 before
68 4 3 10
68 5 0 gt
68 5 1 19
68 5 2 after
68 5 3 6
68 3 0 geq
68 3 1 45
68 3 2 before
68 3 3 11
68 5 0 geq
68 5 1 33
68 5 2 after
68 5 3 7
68 3 0 geq
68 3 1 60
68 3 2 at
68 3 3 6
68 6 0 geq
68 6 1 61
68 6 2 after
68 4 0 eq
68 4 1 75
68 4 2 after
68 4 3 8
68 6 0 gt
68 6 1 62
68 6 2 at
68 5 0 gt
68 5 1 20
68 5 2 after
68 5 3 3
68 3 0 geq
68 3 1 45
68 3 2 before
68 3 3 7
68 4 0 eq
68 4 1 120
68 4 2 at
68 4 3 11
68 5 0 geq
68 5 1 34
68 5 2 after
68 5 3 3
68 3 0 geq
68 3 1 45
68 3 2 after
68 3 3 9
68 6 0 gt
68 6 1 65
68 6 2 before
68 4 0 eq
68 4 1 150
68 4 2 at
68 4 3 4
68 6 0 gt
68 6 1 51
68 6 2 after
68 4 0 eq
68 4 1 120
68 4 2 within
68 4 3 8
68 4 4 9
68 3 0 geq
68 3 1 60
68 3 2 within
68 3 3 3
68 3 4 10
68 5 0 gt
68 5 1 24
68 5 2 after
68 5 3 8
68 3 0 geq
68 3 1 45
68 3 2 at
68 3 3 4
68 6 0 geq
68 6 1 62
68 6 2 before
68 4 0 eq
68 4 1 75
68 4 2 within
68 4 3 7
68 4 4 5
68 5 0 gt
68 5 1 25
68 5 2 after
68 5 3 1
68 5 0 geq
68 5 1 31
68 5 2 after
68 5 3 4
68 6 0 gt
68 6 1 57
68 6 2 before
68 4 0 eq
68 4 1 120
68 4 2 within
68 4 3 6
68 4 4 11
68 3 0 geq
68 3 1 60
68 3 2 within
68 3 3 9
68 3 4 11
68 3 0 geq
68 3 1 60
68 3 2 after
68 3 3 7
68 4 0 eq
68 4 1 75
68 4 2 after
68 4 3 1
68 6 0 gt
68 6 1 63
68 6 2 after
68 5 0 geq
68 5 1 26
68 5 2 after
68 5 3 3
68 4 0 eq
68 4 1 150
68 4 2 before
68 4 3 11
68 6 0 geq
68 6 1 64
68 6 2 after
68 3 0 geq
68 3 1 60
68 3 2 before
68 3 3 8
68 5 0 gt
68 5 1 26
68 5 2 after
68 5 3 5
68 3 0 geq
68 3 1 45
68 3 2 at
68 3 3 4
68 4 0 eq
68 4 1 75
68 4 2 before
68 4 3 3
68 6 0 geq
68 6 1 52
68 6 2 after
68 5 0 geq
68 5 1 23
68 5 2 before
68 5 3 11
68 4 0 eq
68 4 1 75
68 4 2 before
68 4 3 11
68 6 0 gt
68 6 1 55
68 6 2 after
68 3 0 geq
68 3 1 60
68 3 2 before
68 3 3 3
68 5 0 geq
68 5 1 33
68 5 2 after
68 5 3 2
68 5 0 gt
68 5 1 30
68 5 2 within
68 5 3 5
68 5 4 11
68 3 0 geq
68 3 1 45
68 3 2 at
68 3 3 7
68 6 0 geq
68 6 1 61
68 6 2 at
68 4 0 eq
68 4 1 75
68 4 2 at
68 4 3 5
68 5 0 gt
68 5 1 15
68 5 2 within
68 5 3 2
68 5 4 6
68 4 0 eq
68 4 1 120
68 4 2 after
68 4 3 5
68 3 0 geq
68 3 1 45
68 3 2 before
68 3 3 6
68 6 0 gt
68 6 1 61
68 6 2 before
68 5 0 geq
68 5 1 28
68 5 2 before
68 5 3 8
68 3 0 geq
68 3 1 45
68 3 2 before
68 3 3 9
68 4 0 eq
68 4 1 75
68 4 2 at
68 4 3 11
68 6 0 gt
68 6 1 62
68 6 2 before
68 6 0 geq
68 6 1 55
68 6 2 before
68 4 0 eq
68 4 1 150
68 4 2 before
68 4 3 9
68 3 0 geq
68 3 1 60
68 3 2 before
68 3 3 3
68 5 0 geq
68 5 1 28
68 5 2 at
68 5 3 8
68 3 0 geq
68 3 1 60
68 3 2 at
68 3 3 7
68 5 0 gt
68 5 1 21
68 5 2 before
68 5 3 8
68 6 0 gt
68 6 1 50
68 6 2 after
68 4 0 eq
68 4 1 75
68 4 2 before
68 4 3 6
68 5 0 gt
68 5 1 28
68 5 2 before
68 5 3 5
68 4 0 eq
68 4 1 120
68 4 2 at
68 4 3 11
68 6 0 gt
68 6 1 63
68 6 2 before
68 3 0 geq
68 3 1 60
68 3 2 after
68 3 3 7
68 4 0 eq
68 4 1 120
68 4 2 before
68 4 3 10
68 5 0 geq
68 5 1 38
68 5 2 within
68 5 3 10
68 5 4 4
68 6 0 geq
68 6 1 55
68 6 2 before
68 3 0 geq
68 3 1 60
68 3 2 before
68 3 3 3
68 3 0 geq
68 3 1 45
68 3 2 at
68 3 3 6
68 4 0 eq
68 4 1 60
68 4 2 before
68 4 3 9
68 5 0 gt
68 5 1 19
68 5 2 before
68 5 3 3
68 6 0 gt
68 6 1 52
68 6 2 after
68 4 0 eq
68 4 1 150
68 4 2 after
68 4 3 8
68 3 0 geq
68 3 1 45
68 3 2 after
68 3 3 2
68 6 0 geq
68 6 1 54
68 6 2 after
68 5 0 geq
68 5 1 27
68 5 2 before
68 5 3 6
68 3 0 geq
68 3 1 45
68 3 2 before
68 3 3 5
68 4 0 eq
68 4 1 60
68 4 2 before
68 4 3 9
68 5 0 gt
68 5 1 37
68 5 2 after
68 5 3 2
68 6 0 gt
68 6 1 53
68 6 2 after
68 5 0 gt
68 5 1 16
68 5 2 within
68 5 3 9
68 5 4 10
68 4 0 eq
68 4 1 120
68 4 2 at
68 4 3 8
68 6 0 geq
68 6 1 61
68 6 2 after
68 3 0 geq
68 3 1 45
68 3 2 after
68 3 3 7
68 4 0 eq
68 4 1 75
68 4 2 at
68 4 3 6
68 5 0 geq
68 5 1 36
68 5 2 at
68 5 3 4
68 6 0 gt
68 6 1 63
68 6 2 after
68 3 0 geq
68 3 1 45
68 3 2 at
68 3 3 7
68 3 0 geq
68 3 1 60
68 3 2 after
68 3 3 2
68 6 0 gt
68 6 1 58
68 6 2 before
68 4 0 eq
68 4 1 120
68 4 2 within
68 4 3 7
68 4 4 6
68 5 0 geq
68 5 1 38
68 5 2 within
68 5 3 7
68 5 4 8
68 3 0 geq
68 3 1 45
68 3 2 at
68 3 3 9
68 6 0 gt
68 6 1 51
68 6 2 before
68 4 0 eq
68 4 1 60
68 4 2 after
68 4 3 6
68 5 0 geq
68 5 1 22
68 5 2 after
68 5 3 6
68 4 0 eq
68 4 1 60
68 4 2 before
68 4 3 9
68 6 0 geq
68 6 1 63
68 6 2 at
68 5 0 geq
68 5 1 19
68 5 2 at
68 5 3 6
68 3 0 geq
68 3 1 60
68 3 2 before
68 3 3 6
68 4 0 eq
68 4 1 120
68 4 2 before
68 4 3 5
68 3 0 geq
68 3 1 60
68 3 2 at
68 3 3 4
68 6 0 gt
68 6 1 54
68 6 2 at
68 5 0 gt
68 5 1 25
68 5 2 before
68 5 3 8
68 3 0 geq
68 3 1 60
68 3 2 at
68 3 3 9
68 6 0 geq
68 6 1 56
68 6 2 at
68 5 0 gt
68 5 1 19
68 5 2 at
68 5 3 6
68 4 0 eq
68 4 1 150
68 4 2 before
68 4 3 6
68 5 0 geq
68 5 1 19
68 5 2 before
68 5 3 4
68 3 0 geq
68 3 1 45
68 3 2 before
68 3 3 8
68 4 0 eq
68 4 1 60
68 4 2 at
68 4 3 9
68 6 0 geq
68 6 1 65
68 6 2 at
68 3 0 geq
68 3 1 45
68 3 2 after
68 3 3 2
68 6 0 gt
68 6 1 58
68 6 2 after
68 5 0 geq
68 5 1 38
68 5 2 after
68 5 3 6
68 4 0 eq
68 4 1 120
68 4 2 at
68 4 3 10
68 4 0 eq
68 4 1 60
68 4 2 before
68 4 3 8
68 3 0 geq
68 3 1 45
68 3 2 after
68 3 3 5
68 6 0 gt
68 6 1 51
68 6 2 at
68 5 0 gt
68 5 1 36
68 5 2 after
68 5 3 3
68 6 0 gt
68 6 1 54
68 6 2 before
68 3 0 geq
68 3 1 45
68 3 2 before
68 3 3 4
68 4 0 eq
68 4 1 60
68 4 2 at
68 4 3 11
68 5 0 geq
68 5 1 17
68 5 2 after
68 5 3 1
68 4 0 eq
68 4 1 150
68 4 2 before
68 4 3 4
68 3 0 geq
68 3 1 45
68 3 2 within
68 3 3 9
68 3 4 5
68 5 0 gt
68 5 1 19
68 5 2 within
68 5 3 2
68 5 4 6
68 6 0 geq
68 6 1 55
68 6 2 at
68 3 0 geq
68 3 1 60
68 3 2 within
68 3 3 6
68 3 4 8
68 5 0 geq
68 5 1 34
68 5 2 after
68 5 3 5
68 6 0 geq
68 6 1 63
68 6 2 at
68 4 0 eq
68 4 1 120
68 4 2 within
68 4 3 10
68 4 4 5
68 3 0 geq
68 3 1 45
68 3 2 before
68 3 3 6
68 6 0 geq
68 6 1 63
68 6 2 at
68 5 0 geq
68 5 1 35
68 5 2 within
68 5 3 4
68 5 4 8
68 4 0 eq
68 4 1 60
68 4 2 before
68 4 3 8
68 5 0 gt
68 5 1 26
68 5 2 within
68 5 3 9
68 5 4 5
68 3 0 geq
68 3 1 60
68 3 2 within
68 3 3 11
68 3 4 4
68 6 0 geq
68 6 1 62
68 6 2 before
68 4 0 eq
68 4 1 60
68 4 2 within
68 4 3 4
68 4 4 8
68 5 0 geq
68 5 1 19
68 5 2 at
68 5 3 5
68 6 0 geq
68 6 1 63
68 6 2 after
68 3 0 geq
68 3 1 60
68 3 2 within
68 3 3 4
68 3 4 11
68 4 0 eq
68 4 1 60
68 4 2 at
68 4 3 6
68 6 0 geq
68 6 1 59
68 6 2 at
68 3 0 geq
68 3 1 45
68 3 2 within
68 3 3 4
68 3 4 6
68 4 0 eq
68 4 1 75
68 4 2 after
68 4 3 4
68 5 0 gt
68 5 1 29
68 5 2 within
68 5 3 7
68 5 4 5
68 4 0 eq
68 4 1 120
68 4 2 after
68 4 3 5
68 5 0 geq
68 5 1 37
68 5 2 at
68 5 3 4
68 6 0 geq
68 6 1 54
68 6 2 at
68 3 0 geq
68 3 1 45
68 3 2 at
68 3 3 5
68 5 0 gt
68 5 1 30
68 5 2 before
68 5 3 10
68 3 0 geq
68 3 1 60
68 3 2 at
68 3 3 4
68 6 0 gt
68 6 1 62
68 6 2 before
68 4 0 eq
68 4 1 150
68 4 2 at
68 4 3 11
68 5 0 geq
68 5 1 30
68 5 2 within
68 5 3 5
68 5 4 7
68 4 0 eq
68 4 1 120
68 4 2 at
68 4 3 6
68 6 0 gt
68 6 1 64
68 6 2 at
68 3 0 geq
68 3 1 60
68 3 2 within
68 3 3 3
68 3 4 6
68 6 0 gt
68 6 1 58
68 6 2 after
68 3 0 geq
68 3 1 45
68 3 2 within
68 3 3 3
68 3 4 8
68 4 0 eq
68 4 1 75
68 4 2 at
68 4 3 11
68 5 0 geq
68 5 1 28
68 5 2 before
68 5 3 5
68 3 0 geq
68 3 1 60
68 3 2 at
68 3 3 9
68 6 0 gt
68 6 1 51
68 6 2 before
68 5 0 geq
68 5 1 21
68 5 2 within
68 5 3 3
68 5 4 9
68 4 0 eq
68 4 1 75
68 4 2 at
68 4 3 11
68 4 0 eq
68 4 1 120
68 4 2 at
68 4 3 7
68 5 0 geq
68 5 1 30
68 5 2 before
68 5 3 9
68 6 0 gt
68 6 1 51
68 6 2 before
68 3 0 geq
68 3 1 45
68 3 2 at
68 3 3 4
68 6 0 gt
68 6 1 60
68 6 2 at
68 4 0 eq
68 4 1 75
68 4 2 after
68 4 3 8
68 3 0 geq
68 3 1 60
68 3 2 within
68 3 3 4
68 3 4 11
68 5 0 geq
68 5 1 23
68 5 2 before
68 5 3 11
68 3 0 geq
68 3 1 45
68 3 2 after
68 3 3 6
68 5 0 gt
68 5 1 22
68 5 2 before
68 5 3 7
68 4 0 eq
68 4 1 60
68 4 2 at
68 4 3 7
68 6 0 gt
68 6 1 51
68 6 2 at
68 6 0 geq
68 6 1 53
68 6 2 before
68 3 0 geq
68 3 1 60
68 3 2 within
68 3 3 10
68 3 4 8
68 4 0 eq
68 4 1 60
68 4 2 at
68 4 3 5
68 5 0 geq
68 5 1 33
68 5 2 before
68 5 3 6
68 3 0 geq
68 3 1 60
68 3 2 before
68 3 3 8
68 6 0 geq
68 6 1 52
68 6 2 after
68 4 0 eq
68 4 1 60
68 4 2 after
68 4 3 4
68 5 0 geq
68 5 1 18
68 5 2 at
68 5 3 7
68 4 0 eq
68 4 1 120
68 4 2 within
68 4 3 7
68 4 4 10
68 3 0 geq
68 3 1 45
68 3 2 after
68 3 3 5
68 5 0 gt
68 5 1 37
68 5 2 after
68 5 3 4
68 6 0 geq
68 6 1 55
68 6 2 at
68 5 0 geq
68 5 1 34
68 5 2 within
68 5 3 6
68 5 4 10
68 3 0 geq
68 3 1 45
68 3 2 before
68 3 3 3
68 4 0 eq
68 4 1 120
68 4 2 within
68 4 3 11
68 4 4 4
68 6 0 geq
68 6 1 55
68 6 2 before
68 5 0 geq
68 5 1 37
68 5 2 before
68 5 3 7
68 3 0 geq
68 3 1 60
68 3 2 at
68 3 3 6
68 4 0 eq
68 4 1 60
68 4 2 at
68 4 3 5
68 6 0 geq
68 6 1 57
68 6 2 at
68 4 0 eq
68 4 1 150
68 4 2 before
68 4 3 9
68 5 0 geq
68 5 1 36
68 5 2 after
68 5 3 5
68 3 0 geq
68 3 1 60
68 3 2 at
68 3 3 7
68 6 0 gt
68 6 1 61
68 6 2 after
68 6 0 geq
68 6 1 63
68 6 2 after
68 3 0 geq
68 3 1 60
68 3 2 within
68 3 3 6
68 3 4 4
68 5 0 gt
68 5 1 33
68 5 2 after
68 5 3 4
68 4 0 eq
68 4 1 60
68 4 2 after
68 4 3 1
68 3 0 geq
68 3 1 45
68 3 2 before
68 3 3 11
68 5 0 geq
68 5 1 25
68 5 2 at
68 5 3 11
68 6 0 geq
68 6 1 51
68 6 2 before
68 4 0 eq
68 4 1 150
68 4 2 before
68 4 3 6
68 6 0 geq
68 6 1 53
68 6 2 at
68 5 0 geq
68 5 1 17
68 5 2 within
68 5 3 8
68 5 4 7
68 3 0 geq
68 3 1 60
68 3 2 before
68 3 3 9
68 4 0 eq
68 4 1 150
68 4 2 at
68 4 3 6
68 5 0 gt
68 5 1 35
68 5 2 after
68 5 3 3
68 6 0 geq
68 6 1 58
68 6 2 at
68 4 0 eq
68 4 1 120
68 4 2 before
68 4 3 7
68 3 0 geq
68 3 1 45
68 3 2 at
68 3 3 11
68 5 0 gt
68 5 1 31
68 5 2 before
68 5 3 6
68 4 0 eq
68 4 1 75
68 4 2 within
68 4 3 5
68 4 4 8
68 3 0 geq
68 3 1 60
68 3 2 before
68 3 3 6
68 6 0 geq
68 6 1 54
68 6 2 before
68 3 0 geq
68 3 1 60
68 3 2 before
68 3 3 7
68 5 0 gt
68 5 1 40
68 5 2 before
68 5 3 11
68 4 0 eq
68 4 1 120
68 4 2 at
68 4 3 7
68 6 0 gt
68 6 1 53
68 6 2 at
68 5 0 geq
68 5 1 21
68 5 2 within
68 5 3 2
68 5 4 4
68 3 0 geq
68 3 1 60
68 3 2 before
68 3 3 7
68 4 0 eq
68 4 1 60
68 4 2 after
68 4 3 4
68 6 0 gt
68 6 1 58
68 6 2 after
68 4 0 eq
68 4 1 150
68 4 2 after
68 4 3 6
68 6 0 gt
68 6 1 54
68 6 2 before
68 5 0 gt
68 5 1 24
68 5 2 at
68 5 3 11
68 3 0 geq
68 3 1 60
68 3 2 before
68 3 3 8
68 4 0 eq
68 4 1 150
68 4 2 after
68 4 3 4
68 3 0 geq
68 3 1 45
68 3 2 before
68 3 3 7
68 6 0 geq
68 6 1 51
68 6 2 after
68 5 0 gt
68 5 1 40
68 5 2 at
68 5 3 7
1 8 0 geq
1 8 1 67
1 8 2 at
1 8 3 8
1 1 0 geq
1 1 1 60
1 1 2 within
1 1 3 11
1 1 4 3
1 5 0 geq
1 5 1 28
1 5 2 within
1 5 3 7
1 5 4 4
1 2 0 geq
1 2 1 60
1 2 2 within
1 2 3 4
1 2 4 7
1 3 0 geq
1 3 1 60
1 3 2 at
1 3 3 3
1 6 0 geq
1 6 1 60
1 6 2 before
2 2 0 geq
2 2 1 45
2 2 2 at
2 2 3 8
2 6 0 geq
2 6 1 65
2 6 2 before
2 4 0 eq
2 4 1 150
2 4 2 at
2 4 3 9
2 1 0 geq
2 1 1 60
2 1 2 after
2 1 3 3
2 7 0 gt
2 7 1 20
2 7 2 before
2 7 3 3
2 5 0 geq
2 5 1 30
2 5 2 after
2 5 3 1
3 5 0 geq
3 5 1 36
3 5 2 after
3 5 3 7
3 7 0 geq
3 7 1 19
3 7 2 within
3 7 3 7
3 7 4 11
3 2 0 geq
3 2 1 45
3 2 2 within
3 2 3 11
3 2 4 10
3 3 0 geq
3 3 1 45
3 3 2 after
3 3 3 8
3 1 0 geq
3 1 1 60
3 1 2 within
3 1 3 5
3 1 4 6
3 6 0 gt
3 6 1 57
3 6 2 after
4 1 0 geq
4 1 1 45
4 1 2 after
4 1 3 2
4 6 0 geq
4 6 1 50
4 6 2 after
4 5 0 geq
4 5 1 15
4 5 2 within
4 5 3 8
4 5 4 3
4 3 0 geq
4 3 1 45
4 3 2 after
4 3 3 7
4 7 0 gt
4 7 1 21
4 7 2 at
4 7 3 4
4 4 0 eq
4 4 1 150
4 4 2 within
4 4 3 4
4 4 4 9
5 3 0 geq
5 3 1 60
5 3 2 within
5 3 3 5
5 3 4 3
5 8 0 gt
5 8 1 55
5 8 2 after
5 8 3 1
5 1 0 geq
5 1 1 45
5 1 2 before
5 1 3 10
5 6 0 gt
5 6 1 53
5 6 2 before
5 5 0 geq
5 5 1 29
5 5 2 within
5 5 3 3
5 5 4 7
5 2 0 geq
5 2 1 45
5 2 2 at
5 2 3 4
6 4 0 eq
6 4 1 60
6 4 2 before
6 4 3 5
6 1 0 geq
6 1 1 45
6 1 2 after
6 1 3 4
6 8 0 gt
6 8 1 69
6 8 2 after
6 8 3 4
6 5 0 geq
6 5 1 21
6 5 2 within
6 5 3 9
6 5 4 2
6 6 0 geq
6 6 1 51
6 6 2 after
6 2 0 geq
6 2 1 45
6 2 2 within
6 2 3 11
6 2 4 5
7 1 0 geq
7 1 1 45
7 1 2 within
7 1 3 3
7 1 4 5
7 4 0 eq
7 4 1 120
7 4 2 before
7 4 3 11
7 3 0 geq
7 3 1 45
7 3 2 before
7 3 3 3
7 6 0 geq
7 6 1 59
7 6 2 at
7 5 0 geq
7 5 1 23
7 5 2 before
7 5 3 4
7 7 0 gt
7 7 1 21
7 7 2 within
7 7 3 11
7 7 4 3
8 1 0 geq
8 1 1 60
8 1 2 after
8 1 3 4
8 7 0 gt
8 7 1 22
8 7 2 after
8 7 3 9
8 2 0 geq
8 2 1 60
8 2 2 after
8 2 3 4
8 4 0 eq
8 4 1 75
8 4 2 after
8 4 3 9
8 8 0 geq
8 8 1 62
8 8 2 before
8 8 3 6
8 5 0 geq
8 5 1 24
8 5 2 at
8 5 3 10
9 4 0 eq
9 4 1 75
9 4 2 at
9 4 3 11
9 5 0 geq
9 5 1 39
9 5 2 within
9 5 3 8
9 5 4 4
9 2 0 geq
9 2 1 60
9 2 2 before
9 2 3 4
9 7 0 gt
9 7 1 22
9 7 2 within
9 7 3 3
9 7 4 4
9 6 0 gt
9 6 1 51
9 6 2 before
9 1 0 geq
9 1 1 60
9 1 2 within
9 1 3 5
9 1 4 7
10 8 0 gt
10 8 1 51
10 8 2 after
10 8 3 4
10 5 0 gt
10 5 1 18
10 5 2 within
10 5 3 8
10 5 4 3
10 3 0 geq
10 3 1 45
10 3 2 before
10 3 3 11
10 6 0 gt
10 6 1 51
10 6 2 after
10 4 0 eq
10 4 1 60
10 4 2 before
10 4 3 9
10 7 0 geq
10 7 1 23
10 7 2 within
10 7 3 11
10 7 4 10
11 5 0 gt
11 5 1 18
11 5 2 at
11 5 3 3
11 3 0 geq
11 3 1 45
11 3 2 before
11 3 3 3
11 2 0 geq
11 2 1 45
11 2 2 after
11 2 3 2
11 8 0 gt
11 8 1 60
11 8 2 after
11 8 3 4
11 6 0 geq
11 6 1 50
11 6 2 at
11 1 0 geq
11 1 1 45
11 1 2 within
11 1 3 6
11 1 4 9
12 4 0 eq
12 4 1 60
12 4 2 within
12 4 3 7
12 4 4 8
12 1 0 geq
12 1 1 45
12 1 2 after
12 1 3 6
12 3 0 geq
12 3 1 45
12 3 2 after
12 3 3 8
12 2 0 geq
12 2 1 60
12 2 2 after
12 2 3 5
12 6 0 gt
12 6 1 60
12 6 2 after
12 5 0 geq
12 5 1 27
12 5 2 within
12 5 3 10
12 5 4 11
13 4 0 eq
13 4 1 120
13 4 2 within
13 4 3 6
13 4 4 8
13 1 0 geq
13 1 1 60
13 1 2 before
13 1 3 9
13 6 0 gt
13 6 1 52
13 6 2 after
13 2 0 geq
13 2 1 60
13 2 2 within
13 2 3 9
13 2 4 11
13 3 0 geq
13 3 1 45
13 3 2 before
13 3 3 3
13 7 0 geq
13 7 1 23
13 7 2 at
13 7 3 3
14 8 0 gt
14 8 1 78
14 8 2 at
14 8 3 10
14 3 0 geq
14 3 1 60
14 3 2 within
14 3 3 11
14 3 4 4
14 4 0 eq
14 4 1 60
14 4 2 at
14 4 3 9
14 6 0 gt
14 6 1 55
14 6 2 at
14 1 0 geq
14 1 1 60
14 1 2 at
14 1 3 11
14 7 0 gt
14 7 1 18
14 7 2 within
14 7 3 5
14 7 4 10
15 4 0 eq
15 4 1 150
15 4 2 before
15 4 3 8
15 1 0 geq
15 1 1 45
15 1 2 within
15 1 3 11
15 1 4 5
15 7 0 gt
15 7 1 19
15 7 2 before
15 7 3 7
15 3 0 geq
15 3 1 60
15 3 2 before
15 3 3 4
15 5 0 geq
15 5 1 21
15 5 2 at
15 5 3 7
15 2 0 geq
15 2 1 60
15 2 2 at
15 2 3 9
16 5 0 gt
16 5 1 25
16 5 2 at
16 5 3 10
16 4 0 eq
16 4 1 60
16 4 2 after
16 4 3 6
16 2 0 geq
16 2 1 45
16 2 2 within
16 2 3 9
16 2 4 5
16 7 0 gt
16 7 1 20
16 7 2 before
16 7 3 8
16 8 0 geq
16 8 1 64
16 8 2 within
16 8 3 11
16 8 4 8
16 6 0 geq
16 6 1 57
16 6 2 at
17 3 0 geq
17 3 1 60
17 3 2 before
17 3 3 3
17 5 0 geq
17 5 1 35
17 5 2 within
17 5 3 10
17 5 4 7
17 8 0 geq
17 8 1 67
17 8 2 at
17 8 3 6
17 6 0 gt
17 6 1 50
17 6 2 after
17 2 0 geq
17 2 1 60
17 2 2 before
17 2 3 7
17 4 0 eq
17 4 1 75
17 4 2 within
17 4 3 9
17 4 4 8
18 7 0 geq
18 7 1 23
18 7 2 within
18 7 3 5
18 7 4 6
18 4 0 eq
18 4 1 60
18 4 2 within
18 4 3 9
18 4 4 11
18 6 0 geq
18 6 1 65
18 6 2 after
18 3 0 geq
18 3 1 45
18 3 2 before
18 3 3 3
18 2 0 geq
18 2 1 60
18 2 2 after
18 2 3 6
18 8 0 gt
18 8 1 74
18 8 2 before
18 8 3 5
19 6 0 gt
19 6 1 50
19 6 2 after
19 5 0 geq
19 5 1 29
19 5 2 after
19 5 3 6
19 3 0 geq
19 3 1 45
19 3 2 within
19 3 3 4
19 3 4 9
19 7 0 geq
19 7 1 17
19 7 2 before
19 7 3 10
19 2 0 geq
19 2 1 45
19 2 2 within
19 2 3 7
19 2 4 8
19 1 0 geq
19 1 1 45
19 1 2 at
19 1 3 8
20 5 0 geq
20 5 1 21
20 5 2 within
20 5 3 10
20 5 4 2
20 2 0 geq
20 2 1 45
20 2 2 before
20 2 3 5
20 7 0 gt
20 7 1 24
20 7 2 within
20 7 3 9
20 7 4 3
20 6 0 geq
20 6 1 61
20 6 2 after
20 8 0 gt
20 8 1 59
20 8 2 before
20 8 3 9
20 4 0 eq
20 4 1 60
20 4 2 at
20 4 3 11
21 5 0 geq
21 5 1 15
21 5 2 after
21 5 3 10
21 1 0 geq
21 1 1 60
21 1 2 at
21 1 3 11
21 6 0 gt
21 6 1 57
21 6 2 after
21 4 0 eq
21 4 1 150
21 4 2 after
21 4 3 8
21 2 0 geq
21 2 1 60
21 2 2 within
21 2 3 5
21 2 4 4
21 3 0 geq
21 3 1 60
21 3 2 before
21 3 3 10
22 2 0 geq
22 2 1 45
22 2 2 at
22 2 3 8
22 6 0 gt
22 6 1 63
22 6 2 at
22 5 0 geq
22 5 1 23
22 5 2 after
22 5 3 5
22 7 0 gt
22 7 1 19
22 7 2 after
22 7 3 3
22 8 0 gt
22 8 1 51
22 8 2 within
22 8 3 11
22 8 4 6
22 1 0 geq
22 1 1 45
22 1 2 within
22 1 3 6
22 1 4 4
23 7 0 geq
23 7 1 18
23 7 2 before
23 7 3 9
23 2 0 geq
23 2 1 60
23 2 2 after
23 2 3 3
23 1 0 geq
23 1 1 60
23 1 2 before
23 1 3 5
23 8 0 gt
23 8 1 77
23 8 2 before
23 8 3 10
23 3 0 geq
23 3 1 60
23 3 2 after
23 3 3 3
23 5 0 gt
23 5 1 39
23 5 2 before
23 5 3 7
24 1 0 geq
24 1 1 60
24 1 2 before
24 1 3 4
24 4 0 eq
24 4 1 60
24 4 2 at
24 4 3 6
24 8 0 gt
24 8 1 64
24 8 2 within
24 8 3 8
24 8 4 9
24 5 0 gt
24 5 1 28
24 5 2 before
24 5 3 6
24 7 0 gt
24 7 1 22
24 7 2 within
24 7 3 7
24 7 4 5
24 2 0 geq
24 2 1 60
24 2 2 before
24 2 3 11
25 4 0 eq
25 4 1 75
25 4 2 after
25 4 3 1
25 2 0 geq
25 2 1 45
25 2 2 at
25 2 3 10
25 7 0 gt
25 7 1 21
25 7 2 within
25 7 3 9
25 7 4 8
25 8 0 gt
25 8 1 60
25 8 2 at
25 8 3 9
25 5 0 geq
25 5 1 30
25 5 2 before
25 5 3 5
25 3 0 geq
25 3 1 60
25 3 2 within
25 3 3 3
25 3 4 6
26 2 0 geq
26 2 1 60
26 2 2 before
26 2 3 5
26 1 0 geq
26 1 1 45
26 1 2 within
26 1 3 5
26 1 4 7
26 3 0 geq
26 3 1 45
26 3 2 at
26 3 3 9
26 7 0 gt
26 7 1 21
26 7 2 within
26 7 3 8
26 7 4 4
26 4 0 eq
26 4 1 120
26 4 2 after
26 4 3 4
26 8 0 geq
26 8 1 80
26 8 2 within
26 8 3 10
26 8 4 7
27 5 0 gt
27 5 1 18
27 5 2 after
27 5 3 6
27 8 0 geq
27 8 1 53
27 8 2 before
27 8 3 6
27 7 0 gt
27 7 1 24
27 7 2 within
27 7 3 3
27 7 4 4
27 4 0 eq
27 4 1 60
27 4 2 before
27 4 3 11
27 1 0 geq
27 1 1 45
27 1 2 after
27 1 3 7
27 3 0 geq
27 3 1 45
27 3 2 before
27 3 3 4
28 7 0 gt
28 7 1 23
28 7 2 at
28 7 3 10
28 3 0 geq
28 3 1 45
28 3 2 at
28 3 3 3
28 4 0 eq
28 4 1 60
28 4 2 at
28 4 3 10
28 5 0 gt
28 5 1 39
28 5 2 after
28 5 3 1
28 1 0 geq
28 1 1 45
28 1 2 at
28 1 3 5
28 6 0 geq
28 6 1 60
28 6 2 after
29 4 0 eq
29 4 1 60
29 4 2 at
29 4 3 4
29 1 0 geq
29 1 1 45
29 1 2 within
29 1 3 11
29 1 4 10
29 2 0 geq
29 2 1 60
29 2 2 within
29 2 3 8
29 2 4 10
29 6 0 geq
29 6 1 50
29 6 2 after
29 5 0 gt
29 5 1 34
29 5 2 after
29 5 3 6
29 8 0 geq
29 8 1 50
29 8 2 after
29 8 3 5
30 2 0 geq
30 2 1 60
30 2 2 before
30 2 3 10
30 6 0 geq
30 6 1 52
30 6 2 after
30 8 0 gt
30 8 1 51
30 8 2 within
30 8 3 11
30 8 4 5
30 4 0 eq
30 4 1 120
30 4 2 before
30 4 3 11
30 5 0 geq
30 5 1 21
30 5 2 at
30 5 3 5
30 1 0 geq
30 1 1 45
30 1 2 at
30 1 3 10
31 1 0 geq
31 1 1 60
31 1 2 within
31 1 3 7
31 1 4 6
31 7 0 gt
31 7 1 22
31 7 2 before
31 7 3 8
31 8 0 geq
31 8 1 55
31 8 2 after
31 8 3 6
31 3 0 geq
31 3 1 45
31 3 2 at
31 3 3 8
31 2 0 geq
31 2 1 45
31 2 2 within
31 2 3 3
31 2 4 4
31 6 0 gt
31 6 1 53
31 6 2 before
32 8 0 gt
32 8 1 62
32 8 2 within
32 8 3 11
32 8 4 10
32 5 0 gt
32 5 1 27
32 5 2 within
32 5 3 10
32 5 4 4
32 3 0 geq
32 3 1 45
32 3 2 after
32 3 3 3
32 6 0 geq
32 6 1 63
32 6 2 at
32 2 0 geq
32 2 1 60
32 2 2 at
32 2 3 8
32 4 0 eq
32 4 1 150
32 4 2 after
32 4 3 4
33 4 0 eq
33 4 1 120
33 4 2 at
33 4 3 6
33 5 0 geq
33 5 1 33
33 5 2 before
33 5 3 11
33 3 0 geq
33 3 1 45
33 3 2 after
33 3 3 9
33 8 0 geq
33 8 1 73
33 8 2 within
33 8 3 7
33 8 4 11
33 7 0 geq
33 7 1 24
33 7 2 at
33 7 3 11
33 2 0 geq
33 2 1 60
33 2 2 within
33 2 3 3
33 2 4 4
34 5 0 geq
34 5 1 16
34 5 2 at
34 5 3 8
34 4 0 eq
34 4 1 60
34 4 2 before
34 4 3 11
34 3 0 geq
34 3 1 45
34 3 2 within
34 3 3 8
34 3 4 10
34 7 0 gt
34 7 1 19
34 7 2 before
34 7 3 3
34 1 0 geq
34 1 1 60
34 1 2 at
34 1 3 7
34 2 0 geq
34 2 1 60
34 2 2 before
34 2 3 10
35 4 0 eq
35 4 1 120
35 4 2 after
35 4 3 5
35 8 0 geq
35 8 1 58
35 8 2 before
35 8 3 8
35 6 0 gt
35 6 1 64
35 6 2 at
35 1 0 geq
35 1 1 45
35 1 2 at
35 1 3 5
35 3 0 geq
35 3 1 60
35 3 2 before
35 3 3 8
35 2 0 geq
35 2 1 60
35 2 2 before
35 2 3 7
36 2 0 geq
36 2 1 45
36 2 2 before
36 2 3 10
36 1 0 geq
36 1 1 60
36 1 2 at
36 1 3 11
36 3 0 geq
36 3 1 60
36 3 2 within
36 3 3 3
36 3 4 11
36 8 0 gt
36 8 1 56
36 8 2 after
36 8 3 1
36 7 0 gt
36 7 1 17
36 7 2 at
36 7 3 3
36 6 0 geq
36 6 1 51
36 6 2 before
37 8 0 geq
37 8 1 66
37 8 2 within
37 8 3 10
37 8 4 8
37 5 0 geq
37 5 1 18
37 5 2 within
37 5 3 5
37 5 4 3
37 6 0 gt
37 6 1 55
37 6 2 before
37 1 0 geq
37 1 1 45
37 1 2 within
37 1 3 6
37 1 4 8
37 7 0 geq
37 7 1 19
37 7 2 before
37 7 3 7
37 2 0 geq
37 2 1 45
37 2 2 at
37 2 3 7
38 3 0 geq
38 3 1 45
38 3 2 after
38 3 3 5
38 2 0 geq
38 2 1 45
38 2 2 before
38 2 3 11
38 7 0 gt
38 7 1 21
38 7 2 after
38 7 3 6
38 6 0 geq
38 6 1 58
38 6 2 after
38 5 0 geq
38 5 1 15
38 5 2 before
38 5 3 11
38 8 0 geq
38 8 1 70
38 8 2 after
38 8 3 4
39 6 0 geq
39 6 1 56
39 6 2 after
39 5 0 geq
39 5 1 34
39 5 2 after
39 5 3 6
39 4 0 eq
39 4 1 60
39 4 2 before
39 4 3 8
39 3 0 geq
39 3 1 60
39 3 2 within
39 3 3 10
39 3 4 4
39 8 0 gt
39 8 1 68
39 8 2 within
39 8 3 7
39 8 4 8
39 1 0 geq
39 1 1 45
39 1 2 within
39 1 3 8
39 1 4 6
40 1 0 geq
40 1 1 60
40 1 2 after
40 1 3 1
40 7 0 gt
40 7 1 20
40 7 2 before
40 7 3 8
40 5 0 geq
40 5 1 35
40 5 2 at
40 5 3 8
40 4 0 eq
40 4 1 120
40 4 2 after
40 4 3 3
40 3 0 geq
40 3 1 60
40 3 2 after
40 3 3 6
40 6 0 gt
40 6 1 52
40 6 2 before
41 2 0 geq
41 2 1 45
41 2 2 within
41 2 3 3
41 2 4 11
41 7 0 gt
41 7 1 21
41 7 2 after
41 7 3 6
41 1 0 geq
41 1 1 45
41 1 2 at
41 1 3 8
41 4 0 eq
41 4 1 150
41 4 2 within
41 4 3 11
41 4 4 6
41 5 0 gt
41 5 1 22
41 5 2 before
41 5 3 5
41 3 0 geq
41 3 1 60
41 3 2 at
41 3 3 3
42 7 0 geq
42 7 1 21
42 7 2 after
42 7 3 4
42 5 0 gt
42 5 1 28
42 5 2 within
42 5 3 5
42 5 4 4
42 8 0 geq
42 8 1 54
42 8 2 within
42 8 3 6
42 8 4 8
42 1 0 geq
42 1 1 45
42 1 2 before
42 1 3 11
42 4 0 eq
42 4 1 150
42 4 2 within
42 4 3 11
42 4 4 5
42 2 0 geq
42 2 1 60
42 2 2 after
42 2 3 3
43 1 0 geq
43 1 1 60
43 1 2 before
43 1 3 7
43 3 0 geq
43 3 1 45
43 3 2 before
43 3 3 9
43 7 0 geq
43 7 1 21
43 7 2 before
43 7 3 6
43 6 0 geq
43 6 1 59
43 6 2 before
43 4 0 eq
43 4 1 75
43 4 2 before
43 4 3 7
43 8 0 geq
43 8 1 65
43 8 2 within
43 8 3 9
43 8 4 11
44 2 0 geq
44 2 1 45
44 2 2 at
44 2 3 4
44 6 0 geq
44 6 1 60
44 6 2 at
44 4 0 eq
44 4 1 75
44 4 2 before
44 4 3 10
44 5 0 geq
44 5 1 26
44 5 2 within
44 5 3 11
44 5 4 7
44 3 0 geq
44 3 1 60
44 3 2 at
44 3 3 10
44 7 0 geq
44 7 1 18
44 7 2 within
44 7 3 3
44 7 4 11
45 3 0 geq
45 3 1 60
45 3 2 before
45 3 3 8
45 1 0 geq
45 1 1 60
45 1 2 at
45 1 3 11
45 5 0 gt
45 5 1 36
45 5 2 within
45 5 3 9
45 5 4 7
45 8 0 geq
45 8 1 72
45 8 2 at
45 8 3 6
45 6 0 gt
45 6 1 59
45 6 2 before
45 7 0 geq
45 7 1 22
45 7 2 at
45 7 3 6
46 7 0 gt
46 7 1 22
46 7 2 at
46 7 3 6
46 4 0 eq
46 4 1 150
46 4 2 before
46 4 3 8
46 5 0 gt
46 5 1 17
46 5 2 after
46 5 3 1
46 2 0 geq
46 2 1 60
46 2 2 at
46 2 3 6
46 6 0 geq
46 6 1 50
46 6 2 at
46 3 0 geq
46 3 1 60
46 3 2 at
46 3 3 5
47 8 0 gt
47 8 1 52
47 8 2 after
47 8 3 1
47 7 0 gt
47 7 1 20
47 7 2 after
47 7 3 4
47 3 0 geq
47 3 1 60
47 3 2 after
47 3 3 2
47 4 0 eq
47 4 1 75
47 4 2 within
47 4 3 3
47 4 4 11
47 5 0 geq
47 5 1 26
47 5 2 within
47 5 3 9
47 5 4 3
47 1 0 geq
47 1 1 45
47 1 2 within
47 1 3 3
47 1 4 5
48 8 0 geq
48 8 1 71
48 8 2 at
48 8 3 10
48 7 0 gt
48 7 1 24
48 7 2 after
48 7 3 1
48 6 0 gt
48 6 1 59
48 6 2 before
48 4 0 eq
48 4 1 150
48 4 2 within
48 4 3 5
48 4 4 4
48 5 0 geq
48 5 1 18
48 5 2 after
48 5 3 5
48 1 0 geq
48 1 1 45
48 1 2 within
48 1 3 4
48 1 4 3
49 6 0 geq
49 6 1 63
49 6 2 at
49 4 0 eq
49 4 1 150
49 4 2 at
49 4 3 8
49 8 0 gt
49 8 1 78
49 8 2 within
49 8 3 11
49 8 4 10
49 1 0 geq
49 1 1 45
49 1 2 at
49 1 3 10
49 2 0 geq
49 2 1 60
49 2 2 after
49 2 3 1
49 3 0 geq
49 3 1 60
49 3 2 at
49 3 3 6
50 4 0 eq
50 4 1 60
50 4 2 after
50 4 3 7
50 8 0 geq
50 8 1 72
50 8 2 within
50 8 3 10
50 8 4 11
50 5 0 gt
50 5 1 25
50 5 2 at
50 5 3 4
50 7 0 gt
50 7 1 22
50 7 2 at
50 7 3 8
50 1 0 geq
50 1 1 60
50 1 2 at
50 1 3 3
50 3 0 geq
50 3 1 60
50 3 2 before
50 3 3 6
51 6 0 gt
51 6 1 54
51 6 2 at
51 7 0 gt
51 7 1 23
51 7 2 at
51 7 3 6
51 3 0 geq
51 3 1 45
51 3 2 within
51 3 3 8
51 3 4 4
51 2 0 geq
51 2 1 45
51 2 2 after
51 2 3 5
51 5 0 geq
51 5 1 24
51 5 2 at
51 5 3 6
51 4 0 eq
51 4 1 60
51 4 2 at
51 4 3 10
52 3 0 geq
52 3 1 45
52 3 2 at
52 3 3 10
52 4 0 eq
52 4 1 75
52 4 2 after
52 4 3 1
52 8 0 gt
52 8 1 72
52 8 2 after
52 8 3 1
52 6 0 gt
52 6 1 54
52 6 2 before
52 5 0 gt
52 5 1 39
52 5 2 within
52 5 3 9
52 5 4 10
52 1 0 geq
52 1 1 45
52 1 2 at
52 1 3 5
53 8 0 gt
53 8 1 58
53 8 2 at
53 8 3 8
53 3 0 geq
53 3 1 45
53 3 2 after
53 3 3 5
53 6 0 geq
53 6 1 57
53 6 2 at
53 5 0 geq
53 5 1 21
53 5 2 at
53 5 3 8
53 4 0 eq
53 4 1 150
53 4 2 before
53 4 3 5
53 7 0 gt
53 7 1 20
53 7 2 within
53 7 3 3
53 7 4 6
54 1 0 geq
54 1 1 45
54 1 2 within
54 1 3 9
54 1 4 4
54 5 0 geq
54 5 1 15
54 5 2 within
54 5 3 11
54 5 4 7
54 7 0 geq
54 7 1 23
54 7 2 before
54 7 3 8
54 4 0 eq
54 4 1 150
54 4 2 at
54 4 3 8
54 6 0 gt
54 6 1 51
54 6 2 before
54 3 0 geq
54 3 1 45
54 3 2 at
54 3 3 7
55 8 0 gt
55 8 1 72
55 8 2 at
55 8 3 11
55 7 0 geq
55 7 1 23
55 7 2 before
55 7 3 8
55 1 0 geq
55 1 1 60
55 1 2 at
55 1 3 3
55 4 0 eq
55 4 1 150
55 4 2 at
55 4 3 5
55 6 0 gt
55 6 1 54
55 6 2 at
55 3 0 geq
55 3 1 45
55 3 2 after
55 3 3 1
56 3 0 geq
56 3 1 60
56 3 2 within
56 3 3 11
56 3 4 5
56 1 0 geq
56 1 1 60
56 1 2 within
56 1 3 3
56 1 4 10
56 4 0 eq
56 4 1 75
56 4 2 within
56 4 3 5
56 4 4 7
56 2 0 geq
56 2 1 45
56 2 2 after
56 2 3 3
56 8 0 gt
56 8 1 74
56 8 2 at
56 8 3 10
56 5 0 gt
56 5 1 22
56 5 2 at
56 5 3 3
57 1 0 geq
57 1 1 60
57 1 2 at
57 1 3 8
57 7 0 gt
57 7 1 23
57 7 2 after
57 7 3 6
57 2 0 geq
57 2 1 45
57 2 2 at
57 2 3 7
57 6 0 geq
57 6 1 64
57 6 2 at
57 5 0 geq
57 5 1 28
57 5 2 after
57 5 3 6
57 4 0 eq
57 4 1 120
57 4 2 after
57 4 3 3
58 1 0 geq
58 1 1 45
58 1 2 after
58 1 3 4
58 3 0 geq
58 3 1 45
58 3 2 at
58 3 3 4
58 7 0 gt
58 7 1 24
58 7 2 within
58 7 3 7
58 7 4 6
58 6 0 geq
58 6 1 58
58 6 2 after
58 8 0 gt
58 8 1 73
58 8 2 before
58 8 3 11
58 2 0 geq
58 2 1 45
58 2 2 within
58 2 3 3
58 2 4 10
59 6 0 geq
59 6 1 59
59 6 2 after
59 8 0 geq
59 8 1 80
59 8 2 after
59 8 3 2
59 5 0 gt
59 5 1 26
59 5 2 within
59 5 3 5
59 5 4 8
59 4 0 eq
59 4 1 60
59 4 2 at
59 4 3 7
59 2 0 geq
59 2 1 60
59 2 2 within
59 2 3 4
59 2 4 6
59 3 0 geq
59 3 1 60
59 3 2 within
59 3 3 8
59 3 4 3
60 6 0 gt
60 6 1 54
60 6 2 before
60 1 0 geq
60 1 1 60
60 1 2 before
60 1 3 5
60 3 0 geq
60 3 1 60
60 3 2 at
60 3 3 4
60 2 0 geq
60 2 1 45
60 2 2 within
60 2 3 9
60 2 4 6
60 5 0 geq
60 5 1 23
60 5 2 within
60 5 3 5
60 5 4 9
60 7 0 geq
60 7 1 17
60 7 2 after
60 7 3 7
61 6 0 gt
61 6 1 56
61 6 2 after
61 2 0 geq
61 2 1 45
61 2 2 within
61 2 3 8
61 2 4 3
61 1 0 geq
61 1 1 45
61 1 2 at
61 1 3 9
61 4 0 eq
61 4 1 150
61 4 2 before
61 4 3 9
61 3 0 geq
61 3 1 45
61 3 2 within
61 3 3 9
61 3 4 10
61 5 0 geq
61 5 1 28
61 5 2 before
61 5 3 10
62 3 0 geq
62 3 1 60
62 3 2 after
62 3 3 5
62 8 0 geq
62 8 1 60
62 8 2 before
62 8 3 8
62 4 0 eq
62 4 1 60
62 4 2 at
62 4 3 10
62 1 0 geq
62 1 1 60
62 1 2 within
62 1 3 10
62 1 4 7
62 5 0 gt
62 5 1 25
62 5 2 at
62 5 3 4
62 2 0 geq
62 2 1 60
62 2 2 at
62 2 3 3
63 4 0 eq
63 4 1 150
63 4 2 at
63 4 3 8
63 6 0 gt
63 6 1 54
63 6 2 before
63 8 0 gt
63 8 1 74
63 8 2 at
63 8 3 10
63 1 0 geq
63 1 1 60
63 1 2 at
63 1 3 7
63 7 0 gt
63 7 1 19
63 7 2 after
63 7 3 3
63 3 0 geq
63 3 1 45
63 3 2 before
63 3 3 3
64 8 0 geq
64 8 1 63
64 8 2 before
64 8 3 11
64 4 0 eq
64 4 1 120
64 4 2 within
64 4 3 7
64 4 4 8
64 2 0 geq
64 2 1 45
64 2 2 before
64 2 3 3
64 7 0 geq
64 7 1 17
64 7 2 after
64 7 3 8
64 3 0 geq
64 3 1 60
64 3 2 at
64 3 3 7
64 1 0 geq
64 1 1 60
64 1 2 within
64 1 3 4
64 1 4 7
65 6 0 gt
65 6 1 52
65 6 2 at
65 2 0 geq
65 2 1 45
65 2 2 within
65 2 3 10
65 2 4 3
65 3 0 geq
65 3 1 60
65 3 2 within
65 3 3 8
65 3 4 3
65 5 0 geq
65 5 1 21
65 5 2 after
65 5 3 4
65 7 0 geq
65 7 1 18
65 7 2 within
65 7 3 3
65 7 4 9
65 1 0 geq
65 1 1 45
65 1 2 within
65 1 3 6
65 1 4 4
66 7 0 geq
66 7 1 19
66 7 2 at
66 7 3 7
66 8 0 geq
66 8 1 70
66 8 2 within
66 8 3 9
66 8 4 10
66 3 0 geq
66 3 1 45
66 3 2 before
66 3 3 3
66 2 0 geq
66 2 1 45
66 2 2 within
66 2 3 9
66 2 4 5
66 6 0 geq
66 6 1 57
66 6 2 at
66 1 0 geq
66 1 1 60
66 1 2 within
66 1 3 10
66 1 4 9
67 7 0 gt
67 7 1 21
67 7 2 within
67 7 3 10
67 7 4 11
67 4 0 eq
67 4 1 120
67 4 2 before
67 4 3 6
67 6 0 gt
67 6 1 57
67 6 2 at
67 8 0 gt
67 8 1 77
67 8 2 before
67 8 3 11
67 5 0 gt
67 5 1 29
67 5 2 at
67 5 3 11
67 3 0 geq
67 3 1 45
67 3 2 after
67 3 3 7
68 3 0 geq
68 3 1 45
68 3 2 after
68 3 3 1
68 5 0 gt
68 5 1 34
68 5 2 within
68 5 3 7
68 5 4 11
68 4 0 eq
68 4 1 150
68 4 2 after
68 4 3 2
68 6 0 geq
68 6 1 57
68 6 2 before
68 3 0 geq
68 3 1 60
68 3 2 after
68 3 3 6
68 5 0 geq
68 5 1 15
68 5 2 before
68 5 3 6
68 6 0 gt
68 6 1 65
68 6 2 at
68 4 0 eq
68 4 1 120
68 4 2 before
68 4 3 6
68 3 0 geq
68 3 1 45
68 3 2 after
68 3 3 6
68 5 0 geq
68 5 1 19
68 5 2 after
68 5 3 6
68 6 0 geq
68 6 1 53
68 6 2 before
68 4 0 eq
68 4 1 120
68 4 2 after
68 4 3 5
68 5 0 gt
68 5 1 33
68 5 2 at
68 5 3 5
68 4 0 eq
68 4 1 60
68 4 2 before
68 4 3 11
68 3 0 geq
68 3 1 45
68 3 2 at
68 3 3 5
68 6 0 gt
68 6 1 63
68 6 2 before
68 5 0 gt
68 5 1 19
68 5 2 after
68 5 3 5
68 3 0 geq
68 3 1 60
68 3 2 within
68 3 3 4
68 3 4 10
68 6 0 geq
68 6 1 50
68 6 2 at
68 4 0 eq
68 4 1 75
68 4 2 after
68 4 3 4
68 3 0 geq
68 3 1 60
68 3 2 before
68 3 3 8
68 6 0 gt
68 6 1 61
68 6 2 after
68 5 0 gt
68 5 1 39
68 5 2 before
68 5 3 10
68 4 0 eq
68 4 1 150
68 4 2 at
68 4 3 10
68 5 0 gt
68 5 1 24
68 5 2 within
68 5 3 4
68 5 4 8
68 4 0 eq
68 4 1 75
68 4 2 before
68 4 3 4
68 3 0 geq
68 3 1 45
68 3 2 within
68 3 3 11
68 3 4 9
68 6 0 geq
68 6 1 61
68 6 2 after
68 5 0 geq
68 5 1 19
68 5 2 after
68 5 3 8
68 3 0 geq
68 3 1 60
68 3 2 after
68 3 3 5
68 4 0 eq
68 4 1 120
68 4 2 after
68 4 3 8
68 6 0 geq
68 6 1 54
68 6 2 after
68 4 0 eq
68 4 1 75
68 4 2 before
68 4 3 3
68 6 0 gt
68 6 1 52
68 6 2 before
68 5 0 gt
68 5 1 39
68 5 2 within
68 5 3 6
68 5 4 8
68 3 0 geq
68 3 1 45
68 3 2 at
68 3 3 3
68 6 0 geq
68 6 1 52
68 6 2 after
68 4 0 eq
68 4 1 120
68 4 2 at
68 4 3 4
68 3 0 geq
68 3 1 60
68 3 2 after
68 3 3 4
68 5 0 geq
68 5 1 30
68 5 2 at
68 5 3 10
68 6 0 geq
68 6 1 62
68 6 2 at
68 3 0 geq
68 3 1 60
68 3 2 before
68 3 3 5
68 5 0 geq
68 5 1 22
68 5 2 at
68 5 3 5
68 4 0 eq
68 4 1 120
68 4 2 after
68 4 3 7
68 3 0 geq
68 3 1 45
68 3 2 within
68 3 3 8
68 3 4 7
68 4 0 eq
68 4 1 150
68 4 2 at
68 4 3 6
68 6 0 geq
68 6 1 62
68 6 2 before
68 5 0 geq
68 5 1 18
68 5 2 within
68 5 3 7
68 5 4 6
68 4 0 eq
68 4 1 120
68 4 2 after
68 4 3 2
68 5 0 geq
68 5 1 17
68 5 2 before
68 5 3 6
68 3 0 geq
68 3 1 45
68 3 2 after
68 3 3 8
68 6 0 geq
68 6 1 62
68 6 2 at
68 6 0 gt
68 6 1 64
68 6 2 after
68 3 0 geq
68 3 1 60
68 3 2 before
68 3 3 9
68 5 0 gt
68 5 1 27
68 5 2 within
68 5 3 9
68 5 4 7
68 4 0 eq
68 4 1 75
68 4 2 within
68 4 3 7
68 4 4 11
68 4 0 eq
68 4 1 60
68 4 2 before
68 4 3 6
68 6 0 geq
68 6 1 52
68 6 2 after
68 5 0 gt
68 5 1 27
68 5 2 within
68 5 3 10
68 5 4 8
68 3 0 geq
68 3 1 45
68 3 2 at
68 3 3 9
68 5 0 gt
68 5 1 15
68 5 2 at
68 5 3 4
68 3 0 geq
68 3 1 45
68 3 2 within
68 3 3 6
68 3 4 3
68 6 0 gt
68 6 1 50
68 6 2 after
68 4 0 eq
68 4 1 75
68 4 2 before
68 4 3 11
68 3 0 geq
68 3 1 60
68 3 2 after
68 3 3 2
68 6 0 geq
68 6 1 51
68 6 2 after
68 5 0 gt
68 5 1 37
68 5 2 at
68 5 3 9
68 4 0 eq
68 4 1 60
68 4 2 after
68 4 3 4
68 6 0 geq
68 6 1 51
68 6 2 after
68 3 0 geq
68 3 1 45
68 3 2 after
68 3 3 4
68 5 0 geq
68 5 1 28
68 5 2 before
68 5 3 3
68 4 0 eq
68 4 1 60
68 4 2 at
68 4 3 10
68 3 0 geq
68 3 1 60
68 3 2 before
68 3 3 4
68 4 0 eq
68 4 1 150
68 4 2 at
68 4 3 11
68 5 0 geq
68 5 1 31
68 5 2 before
68 5 3 6
68 6 0 gt
68 6 1 53
68 6 2 before
68 4 0 eq
68 4 1 60
68 4 2 after
68 4 3 4
68 5 0 gt
68 5 1 20
68 5 2 after
68 5 3 7
68 6 0 gt
68 6 1 55
68 6 2 before
68 3 0 geq
68 3 1 45
68 3 2 after
68 3 3 1
68 5 0 gt
68 5 1 37
68 5 2 at
68 5 3 4
68 3 0 geq
68 3 1 45
68 3 2 within
68 3 3 11
68 3 4 4
68 6 0 geq
68 6 1 61
68 6 2 before
68 4 0 eq
68 4 1 60
68 4 2 after
68 4 3 4
68 6 0 geq
68 6 1 53
68 6 2 after
68 4 0 eq
68 4 1 150
68 4 2 before
68 4 3 8
68 5 0 geq
68 5 1 31
68 5 2 at
68 5 3 10
68 3 0 geq
68 3 1 45
68 3 2 within
68 3 3 11
68 3 4 7
68 3 0 geq
68 3 1 60
68 3 2 within
68 3 3 10
68 3 4 4
68 6 0 geq
68 6 1 50
68 6 2 before
68 4 0 eq
68 4 1 60
68 4 2 at
68 4 3 11
68 5 0 geq
68 5 1 17
68 5 2 at
68 5 3 5
68 3 0 geq
68 3 1 60
68 3 2 before
68 3 3 5
68 4 0 eq
68 4 1 150
68 4 2 at
68 4 3 4
68 5 0 geq
68 5 1 34
68 5 2 before
68 5 3 9
68 6 0 gt
68 6 1 62
68 6 2 after
68 6 0 gt
68 6 1 50
68 6 2 after
68 5 0 gt
68 5 1 26
68 5 2 within
68 5 3 3
68 5 4 8
68 4 0 eq
68 4 1 150
68 4 2 after
68 4 3 4
68 3 0 geq
68 3 1 45
68 3 2 within
68 3 3 4
68 3 4 11
68 5 0 gt
68 5 1 16
68 5 2 before
68 5 3 11
68 6 0 geq
68 6 1 62
68 6 2 before
68 3 0 geq
68 3 1 60
68 3 2 within
68 3 3 5
68 3 4 8
68 4 0 eq
68 4 1 150
68 4 2 after
68 4 3 5
68 5 0 geq
68 5 1 15
68 5 2 before
68 5 3 7
68 6 0 gt
68 6 1 50
68 6 2 after
68 3 0 geq
68 3 1 45
68 3 2 within
68 3 3 4
68 3 4 11
68 4 0 eq
68 4 1 60
68 4 2 after
68 4 3 5
68 4 0 eq
68 4 1 60
68 4 2 after
68 4 3 7
68 5 0 geq
68 5 1 21
68 5 2 after
68 5 3 8
68 3 0 geq
68 3 1 60
68 3 2 within
68 3 3 7
68 3 4 6
68 6 0 gt
68 6 1 50
68 6 2 after
68 5 0 geq
68 5 1 15
68 5 2 after
68 5 3 7
68 4 0 eq
68 4 1 120
68 4 2 within
68 4 3 10
68 4 4 8
68 3 0 geq
68 3 1 60
68 3 2 within
68 3 3 11
68 3 4 4
68 6 0 gt
68 6 1 63
68 6 2 at
68 5 0 gt
68 5 1 38
68 5 2 after
68 5 3 1
68 4 0 eq
68 4 1 75
68 4 2 at
68 4 3 5
68 6 0 gt
68 6 1 51
68 6 2 after
68 3 0 geq
68 3 1 45
68 3 2 within
68 3 3 9
68 3 4 7
68 6 0 geq
68 6 1 57
68 6 2 at
68 4 0 eq
68 4 1 150
68 4 2 at
68 4 3 5
68 5 0 geq
68 5 1 33
68 5 2 before
68 5 3 10
68 3 0 geq
68 3 1 60
68 3 2 after
68 3 3 2
68 5 0 geq
68 5 1 23
68 5 2 within
68 5 3 9
68 5 4 11
68 4 0 eq
68 4 1 75
68 4 2 after
68 4 3 2
68 6 0 geq
68 6 1 61
68 6 2 before
68 3 0 geq
68 3 1 60
68 3 2 within
68 3 3 5
68 3 4 10
68 6 0 gt
68 6 1 64
68 6 2 before
68 4 0 eq
68 4 1 60
68 4 2 after
68 4 3 6
68 5 0 gt
68 5 1 29
68 5 2 at
68 5 3 4
68 3 0 geq
68 3 1 60
68 3 2 after
68 3 3 2
68 4 0 eq
68 4 1 75
68 4 2 before
68 4 3 5
68 5 0 geq
68 5 1 26
68 5 2 after
68 5 3 1
68 3 0 geq
68 3 1 60
68 3 2 before
68 3 3 5
68 6 0 gt
68 6 1 61
68 6 2 before
68 3 0 geq
68 3 1 60
68 3 2 before
68 3 3 8
68 4 0 eq
68 4 1 150
68 4 2 before
68 4 3 7
68 5 0 geq
68 5 1 26
68 5 2 before
68 5 3 6
68 6 0 geq
68 6 1 59
68 6 2 before
68 5 0 geq
68 5 1 29
68 5 2 after
68 5 3 5
68 4 0 eq
68 4 1 75
68 4 2 before
68 4 3 3
68 6 0 geq
68 6 1 59
68 6 2 before
68 3 0 geq
68 3 1 60
68 3 2 within
68 3 3 7
68 3 4 4
68 3 0 geq
68 3 1 45
68 3 2 within
68 3 3 6
68 3 4 8
68 6 0 gt
68 6 1 65
68 6 2 before
68 5 0 geq
68 5 1 15
68 5 2 after
68 5 3 1
68 4 0 eq
68 4 1 150
68 4 2 after
68 4 3 1
68 5 0 gt
68 5 1 17
68 5 2 before
68 5 3 10
68 4 0 eq
68 4 1 75
68 4 2 after
68 4 3 1
68 3 0 geq
68 3 1 45
68 3 2 within
68 3 3 5
68 3 4 6
68 6 0 geq
68 6 1 59
68 6 2 at
68 3 0 geq
68 3 1 60
68 3 2 before
68 3 3 8
68 5 0 gt
68 5 1 31
68 5 2 within
68 5 3 5
68 5 4 10
68 4 0 eq
68 4 1 60
68 4 2 before
68 4 3 5
68 6 0 geq
68 6 1 58
68 6 2 at
68 5 0 geq
68 5 1 23
68 5 2 at
68 5 3 11
68 4 0 eq
68 4 1 150
68 4 2 after
68 4 3 7
68 6 0 geq
68 6 1 63
68 6 2 after
68 3 0 geq
68 3 1 45
68 3 2 within
68 3 3 8
68 3 4 10
68 5 0 gt
68 5 1 32
68 5 2 after
68 5 3 1
68 3 0 geq
68 3 1 60
68 3 2 at
68 3 3 5
68 4 0 eq
68 4 1 120
68 4 2 at
68 4 3 5
68 6 0 geq
68 6 1 65
68 6 2 after
68 6 0 gt
68 6 1 51
68 6 2 before
68 4 0 eq
68 4 1 120
68 4 2 within
68 4 3 5
68 4 4 7
68 3 0 geq
68 3 1 60
68 3 2 at
68 3 3 3
68 5 0 geq
68 5 1 35
68 5 2 within
68 5 3 7
68 5 4 11
68 3 0 geq
68 3 1 60
68 3 2 before
68 3 3 10
68 6 0 gt
68 6 1 57
68 6 2 after
68 5 0 geq
68 5 1 38
68 5 2 within
68 5 3 4
68 5 4 5
68 4 0 eq
68 4 1 75
68 4 2 at
68 4 3 5
68 6 0 gt
68 6 1 58
68 6 2 after
68 4 0 eq
68 4 1 75
68 4 2 after
68 4 3 7
68 5 0 geq
68 5 1 22
68 5 2 within
68 5 3 10
68 5 4 3
68 3 0 geq
68 3 1 45
68 3 2 within
68 3 3 5
68 3 4 4
68 4 0 eq
68 4 1 75
68 4 2 at
68 4 3 6
68 5 0 gt
68 5 1 30
68 5 2 before
68 5 3 5
68 6 0 geq
68 6 1 59
68 6 2 before
68 3 0 geq
68 3 1 45
68 3 2 after
68 3 3 9
68 6 0 geq
68 6 1 53
68 6 2 before
68 4 0 eq
68 4 1 120
68 4 2 within
68 4 3 8
68 4 4 11
68 3 0 geq
68 3 1 60
68 3 2 within
68 3 3 10
68 3 4 3
68 5 0 geq
68 5 1 33
68 5 2 within
68 5 3 9
68 5 4 7
68 4 0 eq
68 4 1 75
68 4 2 after
68 4 3 3
68 6 0 geq
68 6 1 59
68 6 2 before
68 5 0 gt
68 5 1 33
68 5 2 after
68 5 3 3
68 3 0 geq
68 3 1 60
68 3 2 before
68 3 3 4
68 4 0 eq
68 4 1 60
68 4 2 at
68 4 3 5
68 6 0 gt
68 6 1 51
68 6 2 before
68 3 0 geq
68 3 1 60
68 3 2 at
68 3 3 4
68 5 0 geq
68 5 1 16
68 5 2 at
68 5 3 8
68 5 0 geq
68 5 1 30
68 5 2 within
68 5 3 8
68 5 4 9
68 6 0 geq
68 6 1 61
68 6 2 after
68 3 0 geq
68 3 1 60
68 3 2 after
68 3 3 8
68 4 0 eq
68 4 1 60
68 4 2 at
68 4 3 11
68 3 0 geq
68 3 1 60
68 3 2 after
68 3 3 6
68 6 0 gt
68 6 1 59
68 6 2 at
68 5 0 geq
68 5 1 23
68 5 2 within
68 5 3 11
68 5 4 3
68 4 0 eq
68 4 1 75
68 4 2 within
68 4 3 6
68 4 4 5
68 5 0 gt
68 5 1 15
68 5 2 at
68 5 3 11
68 6 0 geq
68 6 1 62
68 6 2 before
68 4 0 eq
68 4 1 150
68 4 2 before
68 4 3 10
68 3 0 geq
68 3 1 45
68 3 2 before
68 3 3 10
68 5 0 geq
68 5 1 30
68 5 2 within
68 5 3 4
68 5 4 6
68 6 0 geq
68 6 1 54
68 6 2 after
68 3 0 geq
68 3 1 45
68 3 2 within
68 3 3 10
68 3 4 9
68 4 0 eq
68 4 1 150
68 4 2 within
68 4 3 5
68 4 4 6
68 5 0 geq
68 5 1 36
68 5 2 within
68 5 3 10
68 5 4 6
68 4 0 eq
68 4 1 120
68 4 2 after
68 4 3 6
68 3 0 geq
68 3 1 45
68 3 2 at
68 3 3 11
68 6 0 geq
68 6 1 54
68 6 2 at
68 6 0 geq
68 6 1 60
68 6 2 after
68 4 0 eq
68 4 1 60
68 4 2 after
68 4 3 7
68 3 0 geq
68 3 1 60
68 3 2 after
68 3 3 7
68 5 0 gt
68 5 1 15
68 5 2 at
68 5 3 9
68 3 0 geq
68 3 1 45
68 3 2 after
68 3 3 9
68 4 0 eq
68 4 1 120
68 4 2 before
68 4 3 11
68 6 0 geq
68 6 1 63
68 6 2 after
68 5 0 geq
68 5 1 19
68 5 2 within
68 5 3 3
68 5 4 8
68 6 0 geq
68 6 1 54
68 6 2 after
68 3 0 geq
68 3 1 60
68 3 2 within
68 3 3 4
68 3 4 9
68 4 0 eq
68 4 1 150
68 4 2 within
68 4 3 8
68 4 4 11
68 5 0 gt
68 5 1 25
68 5 2 after
68 5 3 7
68 3 0 geq
68 3 1 60
68 3 2 after
68 3 3 6
68 4 0 eq
68 4 1 150
68 4 2 within
68 4 3 6
68 4 4 11
68 5 0 geq
68 5 1 28
68 5 2 after
68 5 3 9
68 6 0 gt
68 6 1 61
68 6 2 at
68 3 0 geq
68 3 1 60
68 3 2 at
68 3 3 6
68 4 0 eq
68 4 1 60
68 4 2 before
68 4 3 4
68 6 0 geq
68 6 1 64
68 6 2 after
68 5 0 geq
68 5 1 28
68 5 2 after
68 5 3 6
68 3 0 geq
68 3 1 45
68 3 2 before
68 3 3 4
68 4 0 eq
68 4 1 60
68 4 2 before
68 4 3 6
68 6 0 gt
68 6 1 55
68 6 2 before
68 5 0 gt
68 5 1 40
68 5 2 after
68 5 3 7
68 3 0 geq
68 3 1 60
68 3 2 before
68 3 3 7
68 6 0 geq
68 6 1 60
68 6 2 after
68 4 0 eq
68 4 1 120
68 4 2 within
68 4 3 7
68 4 4 10
68 5 0 gt
68 5 1 24
68 5 2 after
68 5 3 1
68 4 0 eq
68 4 1 120
68 4 2 at
68 4 3 9
68 5 0 gt
68 5 1 17
68 5 2 within
68 5 3 4
68 5 4 2
68 3 0 geq
68 3 1 45
68 3 2 after
68 3 3 7
68 6 0 geq
68 6 1 55
68 6 2 after
68 3 0 geq
68 3 1 60
68 3 2 within
68 3 3 11
68 3 4 10
68 6 0 geq
68 6 1 53
68 6 2 before
68 4 0 eq
68 4 1 60
68 4 2 before
68 4 3 6
68 5 0 gt
68 5 1 40
68 5 2 before
68 5 3 10
68 5 0 geq
68 5 1 34
68 5 2 at
68 5 3 7
68 4 0 eq
68 4 1 60
68 4 2 within
68 4 3 11
68 4 4 6
68 3 0 geq
68 3 1 45
68 3 2 at
68 3 3 4
68 6 0 geq
68 6 1 54
68 6 2 before
68 6 0 gt
68 6 1 51
68 6 2 at
68 5 0 gt
68 5 1 16
68 5 2 before
68 5 3 4
68 3 0 geq
68 3 1 45
68 3 2 after
68 3 3 7
68 4 0 eq
68 4 1 150
68 4 2 before
68 4 3 8
68 3 0 geq
68 3 1 60
68 3 2 after
68 3 3 1
68 4 0 eq
68 4 1 75
68 4 2 within
68 4 3 5
68 4 4 7
68 5 0 geq
68 5 1 38
68 5 2 after
68 5 3 7
68 6 0 geq
68 6 1 54
68 6 2 after
68 3 0 geq
68 3 1 60
68 3 2 after
68 3 3 3
68 5 0 geq
68 5 1 38
68 5 2 before
68 5 3 5
68 6 0 geq
68 6 1 58
68 6 2 at
68 4 0 eq
68 4 1 150
68 4 2 at
68 4 3 5
68 3 0 geq
68 3 1 45
68 3 2 before
68 3 3 11
68 4 0 eq
68 4 1 75
68 4 2 after
68 4 3 6
68 5 0 gt
68 5 1 24
68 5 2 at
68 5 3 4
68 6 0 gt
68 6 1 55
68 6 2 after
