1 8 0 gt
1 8 1 70
1 8 2 after
1 8 3 2
1 6 0 geq
1 6 1 54
1 6 2 at
1 4 0 eq
1 4 1 60
1 4 2 at
1 4 3 5
1 2 0 geq
1 2 1 60
1 2 2 before
1 2 3 6
1 1 0 geq
1 1 1 45
1 1 2 after
1 1 3 5
1 5 0 gt
1 5 1 17
1 5 2 after
1 5 3 4
2 5 0 geq
2 5 1 29
2 5 2 after
2 5 3 4
2 7 0 gt
2 7 1 24
2 7 2 before
2 7 3 7
2 3 0 geq
2 3 1 60
2 3 2 after
2 3 3 8
2 8 0 gt
2 8 1 71
2 8 2 before
2 8 3 9
2 4 0 eq
2 4 1 60
2 4 2 after
2 4 3 7
2 2 0 geq
2 2 1 60
2 2 2 at
2 2 3 11
3 5 0 gt
3 5 1 16
3 5 2 within
3 5 3 7
3 5 4 6
3 8 0 geq
3 8 1 74
3 8 2 before
3 8 3 9
3 1 0 geq
3 1 1 45
3 1 2 within
3 1 3 5
3 1 4 9
3 4 0 eq
3 4 1 150
3 4 2 before
3 4 3 8
3 6 0 geq
3 6 1 63
3 6 2 before
3 2 0 geq
3 2 1 60
3 2 2 within
3 2 3 11
3 2 4 6
4 4 0 eq
4 4 1 60
4 4 2 after
4 4 3 6
4 7 0 gt
4 7 1 24
4 7 2 after
4 7 3 9
4 2 0 geq
4 2 1 60
4 2 2 before
4 2 3 6
4 1 0 geq
4 1 1 45
4 1 2 after
4 1 3 2
4 6 0 gt
4 6 1 58
4 6 2 at
4 8 0 gt
4 8 1 72
4 8 2 within
4 8 3 4
4 8 4 7
5 5 0 gt
5 5 1 18
5 5 2 within
5 5 3 2
5 5 4 3
5 8 0 geq
5 8 1 64
5 8 2 within
5 8 3 4
5 8 4 11
5 1 0 geq
5 1 1 60
5 1 2 at
5 1 3 5
5 7 0 gt
5 7 1 22
5 7 2 before
5 7 3 5
5 2 0 geq
5 2 1 60
5 2 2 at
5 2 3 5
5 6 0 geq
5 6 1 61
5 6 2 before
6 2 0 geq
6 2 1 45
6 2 2 before
6 2 3 6
6 1 0 geq
6 1 1 60
6 1 2 before
6 1 3 11
6 4 0 eq
6 4 1 120
6 4 2 at
6 4 3 6
6 5 0 geq
6 5 1 20
6 5 2 after
6 5 3 1
6 7 0 gt
6 7 1 17
6 7 2 within
6 7 3 7
6 7 4 2
6 3 0 geq
6 3 1 45
6 3 2 before
6 3 3 5
7 1 0 geq
7 1 1 60
7 1 2 before
7 1 3 4
7 7 0 gt
7 7 1 17
7 7 2 after
7 7 3 5
7 8 0 geq
7 8 1 59
7 8 2 before
7 8 3 10
7 5 0 gt
7 5 1 35
7 5 2 at
7 5 3 7
7 6 0 geq
7 6 1 53
7 6 2 before
7 2 0 geq
7 2 1 45
7 2 2 within
7 2 3 4
7 2 4 11
8 1 0 geq
8 1 1 45
8 1 2 after
8 1 3 7
8 7 0 gt
8 7 1 23
8 7 2 after
8 7 3 9
8 4 0 eq
8 4 1 75
8 4 2 after
8 4 3 3
8 2 0 geq
8 2 1 45
8 2 2 within
8 2 3 9
8 2 4 4
8 3 0 geq
8 3 1 60
8 3 2 after
8 3 3 9
8 6 0 geq
8 6 1 65
8 6 2 after
9 8 0 gt
9 8 1 73
9 8 2 before
9 8 3 5
9 7 0 gt
9 7 1 22
9 7 2 before
9 7 3 10
9 4 0 eq
9 4 1 120
9 4 2 after
9 4 3 3
9 6 0 gt
9 6 1 60
9 6 2 at
9 5 0 gt
9 5 1 26
9 5 2 before
9 5 3 4
9 3 0 geq
9 3 1 60
9 3 2 at
9 3 3 3
10 7 0 gt
10 7 1 20
10 7 2 within
10 7 3 5
10 7 4 10
10 1 0 geq
10 1 1 45
10 1 2 at
10 1 3 6
10 3 0 geq
10 3 1 45
10 3 2 at
10 3 3 4
10 5 0 geq
10 5 1 32
10 5 2 at
10 5 3 9
10 6 0 geq
10 6 1 58
10 6 2 after
10 8 0 geq
10 8 1 60
10 8 2 at
10 8 3 5
11 4 0 eq
11 4 1 75
11 4 2 at
11 4 3 10
11 8 0 gt
11 8 1 75
11 8 2 at
11 8 3 5
11 3 0 geq
11 3 1 60
11 3 2 before
11 3 3 3
11 6 0 gt
11 6 1 62
11 6 2 before
11 2 0 geq
11 2 1 60
11 2 2 within
11 2 3 10
11 2 4 6
11 1 0 geq
11 1 1 45
11 1 2 after
11 1 3 4
12 3 0 geq
12 3 1 45
12 3 2 before
12 3 3 6
12 2 0 geq
12 2 1 45
12 2 2 within
12 2 3 3
12 2 4 7
12 8 0 gt
12 8 1 58
12 8 2 before
12 8 3 10
12 1 0 geq
12 1 1 60
12 1 2 at
12 1 3 8
12 5 0 geq
12 5 1 32
12 5 2 after
12 5 3 7
12 4 0 eq
12 4 1 60
12 4 2 within
12 4 3 8
12 4 4 4
13 3 0 geq
13 3 1 60
13 3 2 after
13 3 3 1
13 2 0 geq
13 2 1 60
13 2 2 after
13 2 3 3
13 6 0 geq
13 6 1 62
13 6 2 after
13 8 0 gt
13 8 1 78
13 8 2 before
13 8 3 4
13 1 0 geq
13 1 1 45
13 1 2 within
13 1 3 4
13 1 4 7
13 4 0 eq
13 4 1 60
13 4 2 before
13 4 3 9
14 5 0 gt
14 5 1 27
14 5 2 after
14 5 3 3
14 4 0 eq
14 4 1 150
14 4 2 at
14 4 3 10
14 6 0 geq
14 6 1 57
14 6 2 at
14 3 0 geq
14 3 1 60
14 3 2 after
14 3 3 7
14 2 0 geq
14 2 1 45
14 2 2 after
14 2 3 1
14 8 0 geq
14 8 1 79
14 8 2 within
14 8 3 10
14 8 4 7
15 5 0 geq
15 5 1 35
15 5 2 after
15 5 3 1
15 2 0 geq
15 2 1 45
15 2 2 at
15 2 3 3
15 1 0 geq
15 1 1 60
15 1 2 before
15 1 3 6
15 3 0 geq
15 3 1 60
15 3 2 within
15 3 3 9
15 3 4 11
15 7 0 gt
15 7 1 19
15 7 2 at
15 7 3 7
15 8 0 gt
15 8 1 79
15 8 2 before
15 8 3 8
16 3 0 geq
16 3 1 60
16 3 2 after
16 3 3 8
16 1 0 geq
16 1 1 45
16 1 2 after
16 1 3 2
16 2 0 geq
16 2 1 60
16 2 2 after
16 2 3 7
16 8 0 geq
16 8 1 51
16 8 2 within
16 8 3 7
16 8 4 11
16 5 0 gt
16 5 1 28
16 5 2 after
16 5 3 8
16 4 0 eq
16 4 1 150
16 4 2 within
16 4 3 8
16 4 4 4
17 3 0 geq
17 3 1 60
17 3 2 at
17 3 3 7
17 7 0 geq
17 7 1 24
17 7 2 before
17 7 3 3
17 8 0 geq
17 8 1 55
17 8 2 after
17 8 3 7
17 6 0 gt
17 6 1 51
17 6 2 at
17 4 0 eq
17 4 1 150
17 4 2 within
17 4 3 10
17 4 4 8
17 1 0 geq
17 1 1 45
17 1 2 after
17 1 3 3
18 3 0 geq
18 3 1 45
18 3 2 within
18 3 3 9
18 3 4 7
18 1 0 geq
18 1 1 45
18 1 2 before
18 1 3 4
18 4 0 eq
18 4 1 120
18 4 2 at
18 4 3 11
18 8 0 geq
18 8 1 66
18 8 2 within
18 8 3 11
18 8 4 6
18 6 0 gt
18 6 1 52
18 6 2 after
18 7 0 geq
18 7 1 21
18 7 2 after
18 7 3 2
19 5 0 geq
19 5 1 18
19 5 2 after
19 5 3 4
19 1 0 geq
19 1 1 45
19 1 2 within
19 1 3 5
19 1 4 9
19 4 0 eq
19 4 1 150
19 4 2 before
19 4 3 11
19 3 0 geq
19 3 1 45
19 3 2 at
19 3 3 9
19 8 0 geq
19 8 1 68
19 8 2 before
19 8 3 9
19 2 0 geq
19 2 1 60
19 2 2 at
19 2 3 6
20 8 0 gt
20 8 1 51
20 8 2 within
20 8 3 10
20 8 4 8
20 7 0 geq
20 7 1 21
20 7 2 within
20 7 3 8
20 7 4 10
20 2 0 geq
20 2 1 45
20 2 2 at
20 2 3 9
20 4 0 eq
20 4 1 150
20 4 2 at
20 4 3 9
20 5 0 geq
20 5 1 24
20 5 2 after
20 5 3 2
20 1 0 geq
20 1 1 45
20 1 2 before
20 1 3 6
21 1 0 geq
21 1 1 60
21 1 2 before
21 1 3 3
21 2 0 geq
21 2 1 45
21 2 2 within
21 2 3 7
21 2 4 4
21 6 0 geq
21 6 1 64
21 6 2 after
21 7 0 geq
21 7 1 22
21 7 2 before
21 7 3 3
21 5 0 gt
21 5 1 23
21 5 2 within
21 5 3 3
21 5 4 5
21 8 0 geq
21 8 1 80
21 8 2 before
21 8 3 9
22 7 0 geq
22 7 1 17
22 7 2 within
22 7 3 2
22 7 4 11
22 1 0 geq
22 1 1 45
22 1 2 within
22 1 3 4
22 1 4 11
22 4 0 eq
22 4 1 60
22 4 2 within
22 4 3 4
22 4 4 10
22 3 0 geq
22 3 1 45
22 3 2 at
22 3 3 11
22 6 0 gt
22 6 1 52
22 6 2 at
22 5 0 geq
22 5 1 36
22 5 2 before
22 5 3 4
23 2 0 geq
23 2 1 60
23 2 2 at
23 2 3 5
23 8 0 gt
23 8 1 55
23 8 2 before
23 8 3 6
23 6 0 geq
23 6 1 58
23 6 2 after
23 7 0 geq
23 7 1 22
23 7 2 before
23 7 3 7
23 3 0 geq
23 3 1 60
23 3 2 after
23 3 3 9
23 5 0 geq
23 5 1 29
23 5 2 at
23 5 3 9
24 3 0 geq
24 3 1 45
24 3 2 after
24 3 3 9
24 5 0 geq
24 5 1 23
24 5 2 before
24 5 3 7
24 7 0 gt
24 7 1 19
24 7 2 before
24 7 3 4
24 6 0 gt
24 6 1 60
24 6 2 before
24 4 0 eq
24 4 1 150
24 4 2 before
24 4 3 9
24 8 0 geq
24 8 1 63
24 8 2 at
24 8 3 11
25 5 0 gt
25 5 1 28
25 5 2 at
25 5 3 10
25 8 0 geq
25 8 1 53
25 8 2 at
25 8 3 11
25 3 0 geq
25 3 1 45
25 3 2 within
25 3 3 11
25 3 4 5
25 1 0 geq
25 1 1 45
25 1 2 within
25 1 3 3
25 1 4 9
25 4 0 eq
25 4 1 150
25 4 2 before
25 4 3 6
25 7 0 gt
25 7 1 17
25 7 2 before
25 7 3 7
26 8 0 gt
26 8 1 62
26 8 2 after
26 8 3 2
26 7 0 gt
26 7 1 18
26 7 2 at
26 7 3 5
26 3 0 geq
26 3 1 45
26 3 2 at
26 3 3 7
26 1 0 geq
26 1 1 45
26 1 2 within
26 1 3 4
26 1 4 7
26 4 0 eq
26 4 1 75
26 4 2 before
26 4 3 3
26 6 0 gt
26 6 1 60
26 6 2 before
27 1 0 geq
27 1 1 60
27 1 2 at
27 1 3 3
27 3 0 geq
27 3 1 60
27 3 2 at
27 3 3 10
27 8 0 gt
27 8 1 64
27 8 2 after
27 8 3 3
27 4 0 eq
27 4 1 150
27 4 2 at
27 4 3 7
27 6 0 gt
27 6 1 60
27 6 2 after
27 2 0 geq
27 2 1 45
27 2 2 after
27 2 3 7
28 3 0 geq
28 3 1 45
28 3 2 at
28 3 3 10
28 8 0 gt
28 8 1 63
28 8 2 within
28 8 3 9
28 8 4 11
28 4 0 eq
28 4 1 60
28 4 2 at
28 4 3 8
28 7 0 gt
28 7 1 23
28 7 2 after
28 7 3 6
28 5 0 geq
28 5 1 20
28 5 2 within
28 5 3 2
28 5 4 5
28 6 0 geq
28 6 1 55
28 6 2 after
29 5 0 geq
29 5 1 40
29 5 2 at
29 5 3 11
29 2 0 geq
29 2 1 60
29 2 2 before
29 2 3 9
29 3 0 geq
29 3 1 60
29 3 2 within
29 3 3 10
29 3 4 4
29 6 0 gt
29 6 1 54
29 6 2 at
29 4 0 eq
29 4 1 75
29 4 2 at
29 4 3 9
29 7 0 gt
29 7 1 20
29 7 2 within
29 7 3 11
29 7 4 10
30 5 0 gt
30 5 1 26
30 5 2 after
30 5 3 9
30 2 0 geq
30 2 1 45
30 2 2 at
30 2 3 9
30 6 0 gt
30 6 1 53
30 6 2 after
30 8 0 geq
30 8 1 69
30 8 2 after
30 8 3 3
30 4 0 eq
30 4 1 150
30 4 2 at
30 4 3 8
30 3 0 geq
30 3 1 60
30 3 2 at
30 3 3 5
31 6 0 gt
31 6 1 53
31 6 2 before
31 8 0 gt
31 8 1 53
31 8 2 within
31 8 3 9
31 8 4 11
31 4 0 eq
31 4 1 75
31 4 2 at
31 4 3 11
31 5 0 gt
31 5 1 25
31 5 2 after
31 5 3 5
31 3 0 geq
31 3 1 60
31 3 2 within
31 3 3 9
31 3 4 3
31 2 0 geq
31 2 1 60
31 2 2 at
31 2 3 11
32 2 0 geq
32 2 1 60
32 2 2 after
32 2 3 8
32 1 0 geq
32 1 1 45
32 1 2 before
32 1 3 7
32 7 0 geq
32 7 1 24
32 7 2 after
32 7 3 8
32 5 0 gt
32 5 1 33
32 5 2 before
32 5 3 6
32 6 0 geq
32 6 1 65
32 6 2 at
32 8 0 gt
32 8 1 66
32 8 2 before
32 8 3 11
33 2 0 geq
33 2 1 60
33 2 2 within
33 2 3 11
33 2 4 5
33 3 0 geq
33 3 1 45
33 3 2 at
33 3 3 10
33 8 0 gt
33 8 1 80
33 8 2 after
33 8 3 2
33 4 0 eq
33 4 1 75
33 4 2 before
33 4 3 11
33 7 0 geq
33 7 1 17
33 7 2 before
33 7 3 4
33 5 0 gt
33 5 1 33
33 5 2 within
33 5 3 10
33 5 4 6
34 4 0 eq
34 4 1 120
34 4 2 within
34 4 3 10
34 4 4 6
34 5 0 gt
34 5 1 36
34 5 2 within
34 5 3 6
34 5 4 11
34 7 0 gt
34 7 1 22
34 7 2 after
34 7 3 2
34 8 0 gt
34 8 1 64
34 8 2 within
34 8 3 9
34 8 4 11
34 2 0 geq
34 2 1 45
34 2 2 at
34 2 3 6
34 6 0 geq
34 6 1 51
34 6 2 before
35 8 0 gt
35 8 1 59
35 8 2 before
35 8 3 8
35 6 0 gt
35 6 1 55
35 6 2 before
35 4 0 eq
35 4 1 60
35 4 2 after
35 4 3 1
35 1 0 geq
35 1 1 45
35 1 2 before
35 1 3 10
35 3 0 geq
35 3 1 45
35 3 2 before
35 3 3 4
35 7 0 geq
35 7 1 20
35 7 2 before
35 7 3 11
36 1 0 geq
36 1 1 60
36 1 2 at
36 1 3 7
36 6 0 gt
36 6 1 58
36 6 2 before
36 2 0 geq
36 2 1 45
36 2 2 at
36 2 3 9
36 8 0 geq
36 8 1 52
36 8 2 before
36 8 3 8
36 7 0 gt
36 7 1 18
36 7 2 at
36 7 3 6
36 5 0 geq
36 5 1 34
36 5 2 after
36 5 3 3
37 6 0 gt
37 6 1 60
37 6 2 after
37 3 0 geq
37 3 1 60
37 3 2 at
37 3 3 3
37 4 0 eq
37 4 1 150
37 4 2 at
37 4 3 10
37 5 0 geq
37 5 1 19
37 5 2 after
37 5 3 4
37 2 0 geq
37 2 1 45
37 2 2 after
37 2 3 1
37 8 0 geq
37 8 1 76
37 8 2 at
37 8 3 11
38 5 0 geq
38 5 1 18
38 5 2 within
38 5 3 4
38 5 4 3
38 4 0 eq
38 4 1 60
38 4 2 at
38 4 3 7
38 1 0 geq
38 1 1 60
38 1 2 before
38 1 3 6
38 6 0 geq
38 6 1 56
38 6 2 at
38 2 0 geq
38 2 1 45
38 2 2 before
38 2 3 4
38 7 0 geq
38 7 1 24
38 7 2 before
38 7 3 5
39 4 0 eq
39 4 1 60
39 4 2 at
39 4 3 8
39 8 0 gt
39 8 1 50
39 8 2 within
39 8 3 9
39 8 4 10
39 7 0 gt
39 7 1 21
39 7 2 at
39 7 3 6
39 6 0 gt
39 6 1 63
39 6 2 after
39 2 0 geq
39 2 1 45
39 2 2 at
39 2 3 11
39 3 0 geq
39 3 1 60
39 3 2 within
39 3 3 8
39 3 4 5
40 3 0 geq
40 3 1 60
40 3 2 after
40 3 3 3
40 5 0 gt
40 5 1 30
40 5 2 at
40 5 3 11
40 6 0 geq
40 6 1 65
40 6 2 before
40 4 0 eq
40 4 1 75
40 4 2 before
40 4 3 9
40 2 0 geq
40 2 1 60
40 2 2 after
40 2 3 6
40 7 0 geq
40 7 1 20
40 7 2 at
40 7 3 4
41 6 0 geq
41 6 1 50
41 6 2 after
41 5 0 geq
41 5 1 34
41 5 2 before
41 5 3 9
41 3 0 geq
41 3 1 45
41 3 2 before
41 3 3 11
41 4 0 eq
41 4 1 75
41 4 2 within
41 4 3 11
41 4 4 3
41 5 0 gt
41 5 1 22
41 5 2 after
41 5 3 3
41 3 0 geq
41 3 1 45
41 3 2 after
41 3 3 4
41 4 0 eq
41 4 1 75
41 4 2 before
41 4 3 3
41 6 0 gt
41 6 1 65
41 6 2 after
41 4 0 eq
41 4 1 60
41 4 2 within
41 4 3 10
41 4 4 4
41 3 0 geq
41 3 1 60
41 3 2 after
41 3 3 4
41 6 0 gt
41 6 1 65
41 6 2 after
41 5 0 geq
41 5 1 15
41 5 2 after
41 5 3 2
41 4 0 eq
41 4 1 75
41 4 2 after
41 4 3 5
41 3 0 geq
41 3 1 45
41 3 2 at
41 3 3 5
41 6 0 geq
41 6 1 50
41 6 2 before
41 5 0 gt
41 5 1 26
41 5 2 after
41 5 3 3
41 6 0 gt
41 6 1 62
41 6 2 after
41 4 0 eq
41 4 1 75
41 4 2 after
41 4 3 5
41 5 0 geq
41 5 1 25
41 5 2 before
41 5 3 10
41 3 0 geq
41 3 1 60
41 3 2 at
41 3 3 3
41 5 0 gt
41 5 1 37
41 5 2 after
41 5 3 8
41 6 0 gt
41 6 1 63
41 6 2 before
41 3 0 geq
41 3 1 45
41 3 2 at
41 3 3 3
41 4 0 eq
41 4 1 60
41 4 2 before
41 4 3 7
41 4 0 eq
41 4 1 60
41 4 2 after
41 4 3 1
41 3 0 geq
41 3 1 60
41 3 2 after
41 3 3 4
41 5 0 geq
41 5 1 30
41 5 2 at
41 5 3 3
41 6 0 gt
41 6 1 50
41 6 2 after
41 5 0 geq
41 5 1 19
41 5 2 within
41 5 3 10
41 5 4 7
41 6 0 geq
41 6 1 61
41 6 2 at
41 3 0 geq
41 3 1 45
41 3 2 at
41 3 3 8
41 4 0 eq
41 4 1 60
41 4 2 before
41 4 3 5
41 4 0 eq
41 4 1 150
41 4 2 at
41 4 3 9
41 5 0 geq
41 5 1 38
41 5 2 at
41 5 3 4
41 3 0 geq
41 3 1 45
41 3 2 after
41 3 3 2
41 6 0 gt
41 6 1 54
41 6 2 before
41 6 0 gt
41 6 1 52
41 6 2 after
41 5 0 gt
41 5 1 17
41 5 2 after
41 5 3 6
41 4 0 eq
41 4 1 150
41 4 2 after
41 4 3 8
41 3 0 geq
41 3 1 45
41 3 2 at
41 3 3 3
41 3 0 geq
41 3 1 45
41 3 2 after
41 3 3 1
41 4 0 eq
41 4 1 150
41 4 2 after
41 4 3 3
41 5 0 geq
41 5 1 19
41 5 2 before
41 5 3 4
41 6 0 gt
41 6 1 50
41 6 2 at
41 3 0 geq
41 3 1 45
41 3 2 after
41 3 3 2
41 5 0 gt
41 5 1 26
41 5 2 before
41 5 3 5
41 4 0 eq
41 4 1 60
41 4 2 within
41 4 3 6
41 4 4 8
41 6 0 geq
41 6 1 65
41 6 2 after
41 3 0 geq
41 3 1 60
41 3 2 before
41 3 3 11
41 4 0 eq
41 4 1 60
41 4 2 before
41 4 3 7
41 5 0 geq
41 5 1 32
41 5 2 after
41 5 3 3
41 6 0 gt
41 6 1 51
41 6 2 after
41 5 0 geq
41 5 1 15
41 5 2 at
41 5 3 7
41 6 0 gt
41 6 1 63
41 6 2 at
41 3 0 geq
41 3 1 60
41 3 2 within
41 3 3 6
41 3 4 9
41 4 0 eq
41 4 1 120
41 4 2 at
41 4 3 4
41 6 0 gt
41 6 1 65
41 6 2 at
41 4 0 eq
41 4 1 60
41 4 2 at
41 4 3 4
41 5 0 gt
41 5 1 28
41 5 2 at
41 5 3 10
41 3 0 geq
41 3 1 60
41 3 2 before
41 3 3 5
41 3 0 geq
41 3 1 60
41 3 2 at
41 3 3 11
41 6 0 gt
41 6 1 65
41 6 2 at
41 5 0 geq
41 5 1 26
41 5 2 after
41 5 3 4
41 4 0 eq
41 4 1 60
41 4 2 before
41 4 3 9
41 4 0 eq
41 4 1 120
41 4 2 at
41 4 3 5
41 3 0 geq
41 3 1 60
41 3 2 within
41 3 3 8
41 3 4 3
41 6 0 geq
41 6 1 53
41 6 2 before
41 5 0 gt
41 5 1 30
41 5 2 at
41 5 3 8
41 5 0 gt
41 5 1 15
41 5 2 within
41 5 3 5
41 5 4 9
41 3 0 geq
41 3 1 45
41 3 2 at
41 3 3 5
41 4 0 eq
41 4 1 75
41 4 2 at
41 4 3 10
41 6 0 gt
41 6 1 64
41 6 2 at
41 3 0 geq
41 3 1 45
41 3 2 at
41 3 3 6
41 4 0 eq
41 4 1 60
41 4 2 after
41 4 3 4
41 5 0 geq
41 5 1 24
41 5 2 before
41 5 3 5
41 6 0 gt
41 6 1 51
41 6 2 after
41 5 0 gt
41 5 1 28
41 5 2 after
41 5 3 7
41 4 0 eq
41 4 1 120
41 4 2 before
41 4 3 8
41 6 0 gt
41 6 1 50
41 6 2 at
41 3 0 geq
41 3 1 45
41 3 2 before
41 3 3 8
41 3 0 geq
41 3 1 45
41 3 2 after
41 3 3 2
41 4 0 eq
41 4 1 60
41 4 2 within
41 4 3 11
41 4 4 7
41 5 0 gt
41 5 1 30
41 5 2 before
41 5 3 9
41 6 0 gt
41 6 1 54
41 6 2 after
41 3 0 geq
41 3 1 60
41 3 2 within
41 3 3 10
41 3 4 6
41 6 0 geq
41 6 1 57
41 6 2 before
41 4 0 eq
41 4 1 150
41 4 2 within
41 4 3 6
41 4 4 10
41 5 0 gt
41 5 1 37
41 5 2 before
41 5 3 10
41 3 0 geq
41 3 1 45
41 3 2 before
41 3 3 6
41 5 0 gt
41 5 1 23
41 5 2 at
41 5 3 10
41 6 0 geq
41 6 1 50
41 6 2 before
41 4 0 eq
41 4 1 60
41 4 2 after
41 4 3 3
41 6 0 geq
41 6 1 65
41 6 2 before
41 4 0 eq
41 4 1 120
41 4 2 after
41 4 3 4
41 5 0 geq
41 5 1 21
41 5 2 at
41 5 3 4
41 3 0 geq
41 3 1 60
41 3 2 within
41 3 3 7
41 3 4 8
41 6 0 gt
41 6 1 54
41 6 2 before
41 5 0 geq
41 5 1 25
41 5 2 after
41 5 3 4
41 3 0 geq
41 3 1 45
41 3 2 at
41 3 3 6
41 4 0 eq
41 4 1 120
41 4 2 at
41 4 3 6
41 6 0 gt
41 6 1 54
41 6 2 at
41 4 0 eq
41 4 1 150
41 4 2 after
41 4 3 3
41 3 0 geq
41 3 1 45
41 3 2 before
41 3 3 9
41 5 0 gt
41 5 1 31
41 5 2 before
41 5 3 11
41 5 0 geq
41 5 1 40
41 5 2 before
41 5 3 7
41 4 0 eq
41 4 1 120
41 4 2 within
41 4 3 11
41 4 4 5
41 6 0 geq
41 6 1 61
41 6 2 after
41 3 0 geq
41 3 1 60
41 3 2 within
41 3 3 8
41 3 4 7
41 4 0 eq
41 4 1 75
41 4 2 after
41 4 3 9
41 3 0 geq
41 3 1 45
41 3 2 within
41 3 3 10
41 3 4 6
41 6 0 gt
41 6 1 60
41 6 2 before
41 5 0 geq
41 5 1 27
41 5 2 after
41 5 3 7
41 5 0 geq
41 5 1 38
41 5 2 within
41 5 3 9
41 5 4 10
41 6 0 gt
41 6 1 57
41 6 2 at
41 4 0 eq
41 4 1 120
41 4 2 before
41 4 3 4
41 3 0 geq
41 3 1 45
41 3 2 after
41 3 3 5
41 3 0 geq
41 3 1 60
41 3 2 within
41 3 3 6
41 3 4 10
41 6 0 geq
41 6 1 56
41 6 2 after
41 4 0 eq
41 4 1 60
41 4 2 after
41 4 3 5
41 5 0 geq
41 5 1 18
41 5 2 before
41 5 3 6
41 6 0 geq
41 6 1 53
41 6 2 after
41 5 0 geq
41 5 1 40
41 5 2 at
41 5 3 7
41 3 0 geq
41 3 1 45
41 3 2 before
41 3 3 3
41 4 0 eq
41 4 1 75
41 4 2 within
41 4 3 5
41 4 4 4
41 6 0 geq
41 6 1 65
41 6 2 at
41 4 0 eq
41 4 1 150
41 4 2 after
41 4 3 5
41 5 0 geq
41 5 1 21
41 5 2 before
41 5 3 2
41 3 0 geq
41 3 1 60
41 3 2 after
41 3 3 5
41 6 0 gt
41 6 1 50
41 6 2 before
41 5 0 geq
41 5 1 27
41 5 2 after
41 5 3 7
41 4 0 eq
41 4 1 150
41 4 2 within
41 4 3 11
41 4 4 4
41 3 0 geq
41 3 1 45
41 3 2 at
41 3 3 6
41 5 0 gt
41 5 1 22
41 5 2 at
41 5 3 7
41 4 0 eq
41 4 1 60
41 4 2 at
41 4 3 10
41 6 0 gt
41 6 1 56
41 6 2 after
41 3 0 geq
41 3 1 45
41 3 2 within
41 3 3 8
41 3 4 7
41 3 0 geq
41 3 1 45
41 3 2 before
41 3 3 11
41 5 0 geq
41 5 1 23
41 5 2 before
41 5 3 6
41 6 0 gt
41 6 1 60
41 6 2 after
41 4 0 eq
41 4 1 60
41 4 2 after
41 4 3 7
41 6 0 geq
41 6 1 56
41 6 2 before
41 3 0 geq
41 3 1 45
41 3 2 before
41 3 3 5
41 5 0 geq
41 5 1 16
41 5 2 within
41 5 3 6
41 5 4 4
41 4 0 eq
41 4 1 60
41 4 2 before
41 4 3 8
41 3 0 geq
41 3 1 60
41 3 2 after
41 3 3 1
41 6 0 geq
41 6 1 57
41 6 2 after
41 5 0 geq
41 5 1 27
41 5 2 within
41 5 3 4
41 5 4 5
41 4 0 eq
41 4 1 120
41 4 2 at
41 4 3 4
41 3 0 geq
41 3 1 45
41 3 2 within
41 3 3 7
41 3 4 5
41 4 0 eq
41 4 1 75
41 4 2 after
41 4 3 4
41 5 0 gt
41 5 1 36
41 5 2 after
41 5 3 1
41 6 0 gt
41 6 1 58
41 6 2 at
41 5 0 geq
41 5 1 34
41 5 2 after
41 5 3 1
41 6 0 gt
41 6 1 56
41 6 2 before
41 4 0 eq
41 4 1 150
41 4 2 after
41 4 3 6
41 3 0 geq
41 3 1 45
41 3 2 at
41 3 3 3
41 5 0 geq
41 5 1 33
41 5 2 at
41 5 3 7
41 6 0 gt
41 6 1 50
41 6 2 at
41 3 0 geq
41 3 1 45
41 3 2 before
41 3 3 11
41 4 0 eq
41 4 1 150
41 4 2 after
41 4 3 4
41 1 0 geq
41 1 1 60
41 1 2 before
41 1 3 3
41 7 0 geq
41 7 1 17
41 7 2 after
41 7 3 9
41 7 0 geq
41 7 1 24
41 7 2 at
41 7 3 5
41 1 0 geq
41 1 1 45
41 1 2 within
41 1 3 7
41 1 4 11
41 7 0 gt
41 7 1 17
41 7 2 before
41 7 3 6
41 1 0 geq
41 1 1 60
41 1 2 within
41 1 3 11
41 1 4 6
41 1 0 geq
41 1 1 45
41 1 2 within
41 1 3 3
41 1 4 9
41 7 0 geq
41 7 1 19
41 7 2 within
41 7 3 3
41 7 4 4
41 1 0 geq
41 1 1 45
41 1 2 at
41 1 3 4
41 7 0 gt
41 7 1 18
41 7 2 before
41 7 3 9
41 1 0 geq
41 1 1 45
41 1 2 before
41 1 3 7
41 7 0 geq
41 7 1 18
41 7 2 within
41 7 3 10
41 7 4 11
41 7 0 geq
41 7 1 17
41 7 2 after
41 7 3 3
41 1 0 geq
41 1 1 45
41 1 2 after
41 1 3 3
41 1 0 geq
41 1 1 45
41 1 2 within
41 1 3 8
41 1 4 11
41 7 0 gt
41 7 1 24
41 7 2 after
41 7 3 2
41 7 0 geq
41 7 1 23
41 7 2 after
41 7 3 4
41 1 0 geq
41 1 1 60
41 1 2 after
41 1 3 9
41 7 0 geq
41 7 1 19
41 7 2 within
41 7 3 4
41 7 4 6
41 1 0 geq
41 1 1 45
41 1 2 before
41 1 3 7
41 1 0 geq
41 1 1 45
41 1 2 after
41 1 3 3
41 7 0 gt
41 7 1 23
41 7 2 within
41 7 3 3
41 7 4 8
41 1 0 geq
41 1 1 60
41 1 2 before
41 1 3 3
41 7 0 gt
41 7 1 19
41 7 2 before
41 7 3 4
41 7 0 geq
41 7 1 21
41 7 2 within
41 7 3 3
41 7 4 9
41 1 0 geq
41 1 1 45
41 1 2 within
41 1 3 6
41 1 4 8
41 7 0 gt
41 7 1 23
41 7 2 before
41 7 3 11
41 1 0 geq
41 1 1 45
41 1 2 within
41 1 3 11
41 1 4 8
41 1 0 geq
41 1 1 45
41 1 2 within
41 1 3 5
41 1 4 6
41 7 0 gt
41 7 1 17
41 7 2 after
41 7 3 4
41 7 0 geq
41 7 1 18
41 7 2 within
41 7 3 5
41 7 4 6
41 1 0 geq
41 1 1 60
41 1 2 at
41 1 3 4
41 7 0 geq
41 7 1 23
41 7 2 after
41 7 3 2
41 1 0 geq
41 1 1 45
41 1 2 within
41 1 3 4
41 1 4 3
41 1 0 geq
41 1 1 60
41 1 2 before
41 1 3 5
41 7 0 gt
41 7 1 18
41 7 2 at
41 7 3 4
41 1 0 geq
41 1 1 60
41 1 2 within
41 1 3 8
41 1 4 5
41 7 0 gt
41 7 1 20
41 7 2 after
41 7 3 5
41 7 0 geq
41 7 1 23
41 7 2 before
41 7 3 6
41 1 0 geq
41 1 1 60
41 1 2 before
41 1 3 3
41 7 0 gt
41 7 1 24
41 7 2 at
41 7 3 7
41 1 0 geq
41 1 1 45
41 1 2 after
41 1 3 2
41 1 0 geq
41 1 1 60
41 1 2 before
41 1 3 3
41 7 0 gt
41 7 1 23
41 7 2 within
41 7 3 9
41 7 4 4
41 1 0 geq
41 1 1 60
41 1 2 at
41 1 3 5
41 7 0 gt
41 7 1 21
41 7 2 after
41 7 3 2
41 1 0 geq
41 1 1 45
41 1 2 within
41 1 3 10
41 1 4 9
41 7 0 geq
41 7 1 23
41 7 2 before
41 7 3 11
41 1 0 geq
41 1 1 60
41 1 2 after
41 1 3 4
41 7 0 gt
41 7 1 19
41 7 2 before
41 7 3 5
41 7 0 gt
41 7 1 18
41 7 2 after
41 7 3 4
41 1 0 geq
41 1 1 45
41 1 2 at
41 1 3 4
41 1 0 geq
41 1 1 45
41 1 2 before
41 1 3 8
41 7 0 gt
41 7 1 19
41 7 2 before
41 7 3 3
41 1 0 geq
41 1 1 60
41 1 2 after
41 1 3 2
41 7 0 gt
41 7 1 21
41 7 2 within
41 7 3 10
41 7 4 4
41 7 0 geq
41 7 1 20
41 7 2 after
41 7 3 2
41 1 0 geq
41 1 1 60
41 1 2 after
41 1 3 7
41 7 0 gt
41 7 1 23
41 7 2 after
41 7 3 4
41 1 0 geq
41 1 1 45
41 1 2 after
41 1 3 4
41 7 0 geq
41 7 1 21
41 7 2 at
41 7 3 6
41 1 0 geq
41 1 1 45
41 1 2 within
41 1 3 7
41 1 4 10
41 7 0 geq
41 7 1 19
41 7 2 before
41 7 3 10
41 1 0 geq
41 1 1 45
41 1 2 at
41 1 3 7
41 1 0 geq
41 1 1 45
41 1 2 before
41 1 3 6
41 7 0 geq
41 7 1 22
41 7 2 before
41 7 3 11
41 1 0 geq
41 1 1 60
41 1 2 within
41 1 3 7
41 1 4 11
41 7 0 gt
41 7 1 24
41 7 2 before
41 7 3 10
41 1 0 geq
41 1 1 60
41 1 2 within
41 1 3 3
41 1 4 10
41 7 0 gt
41 7 1 23
41 7 2 before
41 7 3 7
41 7 0 gt
41 7 1 21
41 7 2 before
41 7 3 5
41 1 0 geq
41 1 1 60
41 1 2 at
41 1 3 6
41 7 0 geq
41 7 1 18
41 7 2 before
41 7 3 6
41 1 0 geq
41 1 1 60
41 1 2 after
41 1 3 9
41 1 0 geq
41 1 1 60
41 1 2 within
41 1 3 11
41 1 4 10
41 7 0 gt
41 7 1 22
41 7 2 before
41 7 3 5
41 7 0 gt
41 7 1 17
41 7 2 after
41 7 3 4
41 1 0 geq
41 1 1 60
41 1 2 within
41 1 3 9
41 1 4 3
41 1 0 geq
41 1 1 45
41 1 2 after
41 1 3 6
41 7 0 gt
41 7 1 24
41 7 2 within
41 7 3 3
41 7 4 10
41 2 0 geq
41 2 1 45
41 2 2 at
41 2 3 4
41 8 0 gt
41 8 1 51
41 8 2 after
41 8 3 1
41 8 0 gt
41 8 1 75
41 8 2 after
41 8 3 2
41 2 0 geq
41 2 1 60
41 2 2 at
41 2 3 6
41 8 0 gt
41 8 1 78
41 8 2 at
41 8 3 6
41 2 0 geq
41 2 1 45
41 2 2 after
41 2 3 5
41 2 0 geq
41 2 1 60
41 2 2 at
41 2 3 5
41 8 0 geq
41 8 1 76
41 8 2 after
41 8 3 4
41 2 0 geq
41 2 1 45
41 2 2 after
41 2 3 7
41 8 0 geq
41 8 1 60
41 8 2 at
41 8 3 11
41 2 0 geq
41 2 1 60
41 2 2 before
41 2 3 9
41 8 0 geq
41 8 1 60
41 8 2 after
41 8 3 1
41 2 0 geq
41 2 1 60
41 2 2 at
41 2 3 10
41 8 0 gt
41 8 1 69
41 8 2 after
41 8 3 5
41 2 0 geq
41 2 1 45
41 2 2 before
41 2 3 6
41 8 0 geq
41 8 1 50
41 8 2 at
41 8 3 8
41 8 0 geq
41 8 1 53
41 8 2 before
41 8 3 11
41 2 0 geq
41 2 1 45
41 2 2 before
41 2 3 8
41 8 0 geq
41 8 1 50
41 8 2 at
41 8 3 7
41 2 0 geq
41 2 1 45
41 2 2 within
41 2 3 5
41 2 4 10
41 8 0 gt
41 8 1 55
41 8 2 after
41 8 3 6
41 2 0 geq
41 2 1 60
41 2 2 within
41 2 3 6
41 2 4 7
41 8 0 gt
41 8 1 65
41 8 2 after
41 8 3 4
41 2 0 geq
41 2 1 60
41 2 2 after
41 2 3 7
41 8 0 geq
41 8 1 57
41 8 2 before
41 8 3 7
41 2 0 geq
41 2 1 45
41 2 2 at
41 2 3 6
41 2 0 geq
41 2 1 60
41 2 2 within
41 2 3 10
41 2 4 11
41 8 0 geq
41 8 1 56
41 8 2 after
41 8 3 2
41 8 0 gt
41 8 1 75
41 8 2 at
41 8 3 6
41 2 0 geq
41 2 1 60
41 2 2 after
41 2 3 3
41 8 0 geq
41 8 1 56
41 8 2 before
41 8 3 11
41 2 0 geq
41 2 1 45
41 2 2 after
41 2 3 1
41 2 0 geq
41 2 1 60
41 2 2 before
41 2 3 6
41 8 0 geq
41 8 1 62
41 8 2 before
41 8 3 6
41 8 0 gt
41 8 1 51
41 8 2 before
41 8 3 10
41 2 0 geq
41 2 1 45
41 2 2 at
41 2 3 7
41 8 0 gt
41 8 1 54
41 8 2 at
41 8 3 7
41 2 0 geq
41 2 1 45
41 2 2 within
41 2 3 4
41 2 4 3
41 8 0 geq
41 8 1 60
41 8 2 after
41 8 3 3
41 2 0 geq
41 2 1 45
41 2 2 after
41 2 3 6
41 8 0 geq
41 8 1 55
41 8 2 at
41 8 3 5
41 2 0 geq
41 2 1 60
41 2 2 at
41 2 3 5
41 8 0 geq
41 8 1 65
41 8 2 at
41 8 3 7
41 2 0 geq
41 2 1 60
41 2 2 after
41 2 3 4
41 8 0 geq
41 8 1 71
41 8 2 after
41 8 3 6
41 2 0 geq
41 2 1 45
41 2 2 after
41 2 3 7
41 2 0 geq
41 2 1 60
41 2 2 within
41 2 3 4
41 2 4 9
41 8 0 gt
41 8 1 74
41 8 2 before
41 8 3 11
41 8 0 geq
41 8 1 53
41 8 2 at
41 8 3 10
41 2 0 geq
41 2 1 45
41 2 2 after
41 2 3 5
41 2 0 geq
41 2 1 45
41 2 2 before
41 2 3 9
41 8 0 geq
41 8 1 75
41 8 2 at
41 8 3 11
41 8 0 geq
41 8 1 77
41 8 2 at
41 8 3 7
41 2 0 geq
41 2 1 45
41 2 2 after
41 2 3 5
41 8 0 geq
41 8 1 51
41 8 2 within
41 8 3 8
41 8 4 9
41 2 0 geq
41 2 1 45
41 2 2 before
41 2 3 9
41 2 0 geq
41 2 1 45
41 2 2 before
41 2 3 3
41 8 0 gt
41 8 1 51
41 8 2 after
41 8 3 3
41 8 0 geq
41 8 1 64
41 8 2 at
41 8 3 9
41 2 0 geq
41 2 1 60
41 2 2 after
41 2 3 6
41 2 0 geq
41 2 1 45
41 2 2 after
41 2 3 9
41 8 0 geq
41 8 1 60
41 8 2 before
41 8 3 9
41 2 0 geq
41 2 1 45
41 2 2 within
41 2 3 8
41 2 4 5
41 8 0 gt
41 8 1 71
41 8 2 after
41 8 3 2
41 2 0 geq
41 2 1 45
41 2 2 at
41 2 3 6
41 8 0 gt
41 8 1 80
41 8 2 within
41 8 3 11
41 8 4 10
41 8 0 gt
41 8 1 58
41 8 2 after
41 8 3 3
41 2 0 geq
41 2 1 45
41 2 2 after
41 2 3 5
41 8 0 geq
41 8 1 80
41 8 2 before
41 8 3 10
41 2 0 geq
41 2 1 45
41 2 2 at
41 2 3 7
41 2 0 geq
41 2 1 60
41 2 2 within
41 2 3 11
41 2 4 3
41 8 0 geq
41 8 1 58
41 8 2 at
41 8 3 9
41 2 0 geq
41 2 1 60
41 2 2 at
41 2 3 4
41 8 0 geq
41 8 1 54
41 8 2 after
41 8 3 3
41 8 0 geq
41 8 1 71
41 8 2 before
41 8 3 11
41 2 0 geq
41 2 1 60
41 2 2 within
41 2 3 10
41 2 4 5
41 8 0 geq
41 8 1 55
41 8 2 at
41 8 3 8
41 2 0 geq
41 2 1 60
41 2 2 before
41 2 3 11
41 2 0 geq
41 2 1 60
41 2 2 within
41 2 3 8
41 2 4 9
41 8 0 geq
41 8 1 54
41 8 2 at
41 8 3 8
1 2 0 geq
1 2 1 45
1 2 2 within
1 2 3 3
1 2 4 5
1 1 0 geq
1 1 1 60
1 1 2 after
1 1 3 6
1 7 0 gt
1 7 1 23
1 7 2 before
1 7 3 4
1 3 0 geq
1 3 1 45
1 3 2 before
1 3 3 3
1 6 0 geq
1 6 1 62
1 6 2 at
1 4 0 eq
1 4 1 120
1 4 2 within
1 4 3 7
1 4 4 5
2 6 0 gt
2 6 1 54
2 6 2 at
2 4 0 eq
2 4 1 120
2 4 2 within
2 4 3 5
2 4 4 11
2 2 0 geq
2 2 1 60
2 2 2 before
2 2 3 3
2 1 0 geq
2 1 1 45
2 1 2 after
2 1 3 7
2 8 0 geq
2 8 1 65
2 8 2 before
2 8 3 7
2 7 0 gt
2 7 1 19
2 7 2 before
2 7 3 4
3 4 0 eq
3 4 1 75
3 4 2 within
3 4 3 11
3 4 4 10
3 7 0 geq
3 7 1 20
3 7 2 at
3 7 3 5
3 5 0 gt
3 5 1 25
3 5 2 within
3 5 3 10
3 5 4 9
3 3 0 geq
3 3 1 60
3 3 2 at
3 3 3 6
3 8 0 geq
3 8 1 66
3 8 2 after
3 8 3 7
3 1 0 geq
3 1 1 45
3 1 2 at
3 1 3 5
4 2 0 geq
4 2 1 60
4 2 2 within
4 2 3 6
4 2 4 11
4 4 0 eq
4 4 1 150
4 4 2 after
4 4 3 4
4 1 0 geq
4 1 1 60
4 1 2 after
4 1 3 8
4 5 0 geq
4 5 1 33
4 5 2 at
4 5 3 6
4 7 0 geq
4 7 1 19
4 7 2 at
4 7 3 8
4 3 0 geq
4 3 1 45
4 3 2 at
4 3 3 3
5 2 0 geq
5 2 1 45
5 2 2 after
5 2 3 5
5 1 0 geq
5 1 1 45
5 1 2 at
5 1 3 3
5 5 0 geq
5 5 1 25
5 5 2 within
5 5 3 7
5 5 4 6
5 8 0 gt
5 8 1 58
5 8 2 before
5 8 3 7
5 3 0 geq
5 3 1 60
5 3 2 before
5 3 3 4
5 7 0 gt
5 7 1 24
5 7 2 at
5 7 3 4
6 1 0 geq
6 1 1 60
6 1 2 within
6 1 3 11
6 1 4 9
6 2 0 geq
6 2 1 45
6 2 2 after
6 2 3 4
6 7 0 geq
6 7 1 22
6 7 2 after
6 7 3 7
6 8 0 geq
6 8 1 66
6 8 2 within
6 8 3 11
6 8 4 4
6 5 0 gt
6 5 1 29
6 5 2 before
6 5 3 7
6 3 0 geq
6 3 1 60
6 3 2 after
6 3 3 6
7 7 0 gt
7 7 1 19
7 7 2 before
7 7 3 3
7 8 0 geq
7 8 1 75
7 8 2 at
7 8 3 8
7 3 0 geq
7 3 1 60
7 3 2 within
7 3 3 8
7 3 4 4
7 4 0 eq
7 4 1 75
7 4 2 within
7 4 3 10
7 4 4 4
7 5 0 gt
7 5 1 30
7 5 2 within
7 5 3 11
7 5 4 10
7 1 0 geq
7 1 1 60
7 1 2 within
7 1 3 6
7 1 4 8
8 2 0 geq
8 2 1 45
8 2 2 within
8 2 3 4
8 2 4 7
8 8 0 gt
8 8 1 58
8 8 2 after
8 8 3 8
8 6 0 gt
8 6 1 62
8 6 2 before
8 3 0 geq
8 3 1 60
8 3 2 within
8 3 3 9
8 3 4 11
8 7 0 geq
8 7 1 23
8 7 2 within
8 7 3 5
8 7 4 11
8 4 0 eq
8 4 1 75
8 4 2 at
8 4 3 5
9 8 0 gt
9 8 1 78
9 8 2 at
9 8 3 4
9 3 0 geq
9 3 1 45
9 3 2 after
9 3 3 7
9 2 0 geq
9 2 1 60
9 2 2 at
9 2 3 10
9 5 0 geq
9 5 1 32
9 5 2 within
9 5 3 8
9 5 4 9
9 7 0 geq
9 7 1 17
9 7 2 after
9 7 3 7
9 6 0 geq
9 6 1 50
9 6 2 at
10 4 0 eq
10 4 1 60
10 4 2 within
10 4 3 4
10 4 4 7
10 5 0 geq
10 5 1 16
10 5 2 within
10 5 3 5
10 5 4 10
10 7 0 geq
10 7 1 19
10 7 2 before
10 7 3 11
10 3 0 geq
10 3 1 60
10 3 2 at
10 3 3 7
10 8 0 gt
10 8 1 58
10 8 2 within
10 8 3 4
10 8 4 6
10 1 0 geq
10 1 1 45
10 1 2 within
10 1 3 7
10 1 4 3
11 6 0 geq
11 6 1 56
11 6 2 at
11 1 0 geq
11 1 1 60
11 1 2 after
11 1 3 5
11 2 0 geq
11 2 1 60
11 2 2 within
11 2 3 3
11 2 4 7
11 4 0 eq
11 4 1 120
11 4 2 within
11 4 3 8
11 4 4 7
11 5 0 geq
11 5 1 27
11 5 2 at
11 5 3 5
11 7 0 geq
11 7 1 21
11 7 2 at
11 7 3 8
12 3 0 geq
12 3 1 60
12 3 2 within
12 3 3 4
12 3 4 8
12 7 0 geq
12 7 1 24
12 7 2 within
12 7 3 9
12 7 4 6
12 1 0 geq
12 1 1 60
12 1 2 after
12 1 3 8
12 6 0 gt
12 6 1 59
12 6 2 after
12 8 0 gt
12 8 1 55
12 8 2 within
12 8 3 10
12 8 4 9
12 4 0 eq
12 4 1 75
12 4 2 after
12 4 3 5
13 6 0 gt
13 6 1 53
13 6 2 before
13 3 0 geq
13 3 1 60
13 3 2 after
13 3 3 6
13 2 0 geq
13 2 1 45
13 2 2 at
13 2 3 8
13 4 0 eq
13 4 1 75
13 4 2 within
13 4 3 11
13 4 4 9
13 8 0 geq
13 8 1 71
13 8 2 at
13 8 3 5
13 5 0 geq
13 5 1 22
13 5 2 before
13 5 3 11
14 3 0 geq
14 3 1 60
14 3 2 at
14 3 3 4
14 7 0 gt
14 7 1 22
14 7 2 at
14 7 3 7
14 1 0 geq
14 1 1 60
14 1 2 before
14 1 3 3
14 4 0 eq
14 4 1 120
14 4 2 before
14 4 3 5
14 2 0 geq
14 2 1 45
14 2 2 within
14 2 3 3
14 2 4 9
14 6 0 gt
14 6 1 64
14 6 2 before
15 2 0 geq
15 2 1 60
15 2 2 before
15 2 3 11
15 4 0 eq
15 4 1 120
15 4 2 before
15 4 3 8
15 5 0 geq
15 5 1 37
15 5 2 after
15 5 3 1
15 8 0 gt
15 8 1 65
15 8 2 within
15 8 3 7
15 8 4 8
15 6 0 gt
15 6 1 53
15 6 2 before
15 1 0 geq
15 1 1 60
15 1 2 within
15 1 3 6
15 1 4 3
16 5 0 geq
16 5 1 36
16 5 2 before
16 5 3 4
16 6 0 geq
16 6 1 53
16 6 2 before
16 3 0 geq
16 3 1 60
16 3 2 at
16 3 3 5
16 1 0 geq
16 1 1 45
16 1 2 at
16 1 3 4
16 7 0 gt
16 7 1 18
16 7 2 within
16 7 3 5
16 7 4 7
16 8 0 geq
16 8 1 50
16 8 2 within
16 8 3 7
16 8 4 11
17 5 0 gt
17 5 1 28
17 5 2 before
17 5 3 8
17 4 0 eq
17 4 1 75
17 4 2 at
17 4 3 3
17 8 0 gt
17 8 1 73
17 8 2 at
17 8 3 9
17 1 0 geq
17 1 1 60
17 1 2 at
17 1 3 6
17 6 0 gt
17 6 1 57
17 6 2 at
17 7 0 geq
17 7 1 22
17 7 2 before
17 7 3 8
18 4 0 eq
18 4 1 75
18 4 2 before
18 4 3 11
18 2 0 geq
18 2 1 45
18 2 2 before
18 2 3 11
18 3 0 geq
18 3 1 45
18 3 2 before
18 3 3 9
18 6 0 geq
18 6 1 52
18 6 2 after
18 7 0 gt
18 7 1 24
18 7 2 within
18 7 3 6
18 7 4 8
18 1 0 geq
18 1 1 60
18 1 2 within
18 1 3 5
18 1 4 10
19 4 0 eq
19 4 1 150
19 4 2 after
19 4 3 2
19 8 0 gt
19 8 1 74
19 8 2 within
19 8 3 6
19 8 4 9
19 3 0 geq
19 3 1 45
19 3 2 at
19 3 3 7
19 2 0 geq
19 2 1 45
19 2 2 before
19 2 3 11
19 6 0 geq
19 6 1 57
19 6 2 at
19 5 0 geq
19 5 1 21
19 5 2 after
19 5 3 3
20 8 0 gt
20 8 1 56
20 8 2 within
20 8 3 8
20 8 4 5
20 4 0 eq
20 4 1 75
20 4 2 after
20 4 3 5
20 7 0 gt
20 7 1 17
20 7 2 at
20 7 3 8
20 3 0 geq
20 3 1 45
20 3 2 before
20 3 3 6
20 6 0 gt
20 6 1 52
20 6 2 at
20 1 0 geq
20 1 1 45
20 1 2 within
20 1 3 3
20 1 4 6
21 2 0 geq
21 2 1 45
21 2 2 after
21 2 3 6
21 5 0 gt
21 5 1 24
21 5 2 before
21 5 3 4
21 8 0 geq
21 8 1 69
21 8 2 within
21 8 3 9
21 8 4 10
21 7 0 geq
21 7 1 20
21 7 2 at
21 7 3 10
21 4 0 eq
21 4 1 150
21 4 2 before
21 4 3 11
21 1 0 geq
21 1 1 45
21 1 2 before
21 1 3 6
22 3 0 geq
22 3 1 60
22 3 2 at
22 3 3 3
22 5 0 geq
22 5 1 16
22 5 2 at
22 5 3 5
22 4 0 eq
22 4 1 60
22 4 2 at
22 4 3 5
22 2 0 geq
22 2 1 45
22 2 2 after
22 2 3 4
22 8 0 gt
22 8 1 64
22 8 2 after
22 8 3 1
22 6 0 gt
22 6 1 57
22 6 2 before
23 5 0 gt
23 5 1 33
23 5 2 before
23 5 3 8
23 7 0 gt
23 7 1 24
23 7 2 before
23 7 3 10
23 8 0 gt
23 8 1 56
23 8 2 after
23 8 3 2
23 4 0 eq
23 4 1 75
23 4 2 before
23 4 3 5
23 1 0 geq
23 1 1 45
23 1 2 after
23 1 3 4
23 2 0 geq
23 2 1 60
23 2 2 within
23 2 3 11
23 2 4 10
24 1 0 geq
24 1 1 60
24 1 2 within
24 1 3 7
24 1 4 11
24 2 0 geq
24 2 1 45
24 2 2 within
24 2 3 11
24 2 4 5
24 3 0 geq
24 3 1 45
24 3 2 at
24 3 3 3
24 8 0 gt
24 8 1 71
24 8 2 at
24 8 3 6
24 5 0 gt
24 5 1 29
24 5 2 after
24 5 3 3
24 7 0 gt
24 7 1 21
24 7 2 before
24 7 3 6
25 7 0 geq
25 7 1 20
25 7 2 after
25 7 3 5
25 5 0 gt
25 5 1 22
25 5 2 before
25 5 3 5
25 6 0 gt
25 6 1 50
25 6 2 before
25 1 0 geq
25 1 1 45
25 1 2 after
25 1 3 9
25 4 0 eq
25 4 1 60
25 4 2 before
25 4 3 7
25 8 0 gt
25 8 1 57
25 8 2 before
25 8 3 5
26 3 0 geq
26 3 1 45
26 3 2 at
26 3 3 7
26 4 0 eq
26 4 1 60
26 4 2 at
26 4 3 4
26 5 0 geq
26 5 1 37
26 5 2 within
26 5 3 11
26 5 4 7
26 1 0 geq
26 1 1 60
26 1 2 before
26 1 3 5
26 6 0 geq
26 6 1 61
26 6 2 at
26 2 0 geq
26 2 1 60
26 2 2 within
26 2 3 7
26 2 4 11
27 6 0 geq
27 6 1 62
27 6 2 at
27 5 0 geq
27 5 1 24
27 5 2 after
27 5 3 6
27 8 0 gt
27 8 1 78
27 8 2 at
27 8 3 7
27 4 0 eq
27 4 1 75
27 4 2 before
27 4 3 8
27 3 0 geq
27 3 1 45
27 3 2 before
27 3 3 8
27 2 0 geq
27 2 1 60
27 2 2 after
27 2 3 5
28 5 0 gt
28 5 1 35
28 5 2 at
28 5 3 11
28 2 0 geq
28 2 1 45
28 2 2 after
28 2 3 8
28 7 0 gt
28 7 1 19
28 7 2 at
28 7 3 8
28 4 0 eq
28 4 1 120
28 4 2 within
28 4 3 5
28 4 4 7
28 6 0 gt
28 6 1 60
28 6 2 after
28 3 0 geq
28 3 1 45
28 3 2 after
28 3 3 2
29 6 0 gt
29 6 1 53
29 6 2 before
29 3 0 geq
29 3 1 60
29 3 2 within
29 3 3 5
29 3 4 10
29 1 0 geq
29 1 1 45
29 1 2 before
29 1 3 8
29 5 0 gt
29 5 1 35
29 5 2 at
29 5 3 8
29 4 0 eq
29 4 1 75
29 4 2 within
29 4 3 9
29 4 4 4
29 2 0 geq
29 2 1 60
29 2 2 after
29 2 3 4
30 4 0 eq
30 4 1 60
30 4 2 before
30 4 3 11
30 2 0 geq
30 2 1 60
30 2 2 before
30 2 3 11
30 3 0 geq
30 3 1 45
30 3 2 at
30 3 3 11
30 8 0 geq
30 8 1 71
30 8 2 before
30 8 3 11
30 7 0 geq
30 7 1 21
30 7 2 within
30 7 3 4
30 7 4 8
30 1 0 geq
30 1 1 45
30 1 2 before
30 1 3 8
31 8 0 geq
31 8 1 57
31 8 2 after
31 8 3 3
31 7 0 geq
31 7 1 22
31 7 2 after
31 7 3 7
31 6 0 gt
31 6 1 51
31 6 2 at
31 4 0 eq
31 4 1 60
31 4 2 within
31 4 3 6
31 4 4 4
31 3 0 geq
31 3 1 45
31 3 2 before
31 3 3 6
31 1 0 geq
31 1 1 45
31 1 2 at
31 1 3 4
32 6 0 geq
32 6 1 54
32 6 2 after
32 2 0 geq
32 2 1 45
32 2 2 after
32 2 3 2
32 1 0 geq
32 1 1 45
32 1 2 before
32 1 3 10
32 4 0 eq
32 4 1 120
32 4 2 before
32 4 3 8
32 7 0 geq
32 7 1 24
32 7 2 at
32 7 3 7
32 5 0 gt
32 5 1 17
32 5 2 within
32 5 3 10
32 5 4 2
33 4 0 eq
33 4 1 75
33 4 2 within
33 4 3 3
33 4 4 5
33 6 0 geq
33 6 1 60
33 6 2 before
33 5 0 gt
33 5 1 36
33 5 2 within
33 5 3 6
33 5 4 7
33 2 0 geq
33 2 1 60
33 2 2 within
33 2 3 10
33 2 4 9
33 3 0 geq
33 3 1 45
33 3 2 before
33 3 3 5
33 7 0 gt
33 7 1 18
33 7 2 before
33 7 3 9
34 5 0 gt
34 5 1 33
34 5 2 after
34 5 3 2
34 1 0 geq
34 1 1 60
34 1 2 after
34 1 3 2
34 8 0 gt
34 8 1 78
34 8 2 at
34 8 3 11
34 4 0 eq
34 4 1 120
34 4 2 at
34 4 3 7
34 3 0 geq
34 3 1 45
34 3 2 before
34 3 3 11
34 7 0 geq
34 7 1 22
34 7 2 within
34 7 3 11
34 7 4 3
35 8 0 geq
35 8 1 53
35 8 2 at
35 8 3 8
35 3 0 geq
35 3 1 45
35 3 2 at
35 3 3 10
35 7 0 gt
35 7 1 22
35 7 2 after
35 7 3 5
35 4 0 eq
35 4 1 75
35 4 2 at
35 4 3 7
35 2 0 geq
35 2 1 60
35 2 2 after
35 2 3 4
35 6 0 geq
35 6 1 58
35 6 2 after
36 7 0 gt
36 7 1 18
36 7 2 after
36 7 3 4
36 1 0 geq
36 1 1 60
36 1 2 within
36 1 3 5
36 1 4 6
36 3 0 geq
36 3 1 60
36 3 2 after
36 3 3 5
36 6 0 geq
36 6 1 51
36 6 2 after
36 5 0 gt
36 5 1 20
36 5 2 within
36 5 3 6
36 5 4 8
36 2 0 geq
36 2 1 60
36 2 2 within
36 2 3 6
36 2 4 8
37 2 0 geq
37 2 1 60
37 2 2 at
37 2 3 3
37 6 0 gt
37 6 1 65
37 6 2 at
37 8 0 gt
37 8 1 72
37 8 2 before
37 8 3 10
37 1 0 geq
37 1 1 60
37 1 2 within
37 1 3 6
37 1 4 8
37 7 0 gt
37 7 1 23
37 7 2 within
37 7 3 6
37 7 4 11
37 5 0 geq
37 5 1 26
37 5 2 at
37 5 3 4
38 3 0 geq
38 3 1 45
38 3 2 within
38 3 3 4
38 3 4 3
38 2 0 geq
38 2 1 60
38 2 2 at
38 2 3 8
38 6 0 gt
38 6 1 52
38 6 2 after
38 5 0 gt
38 5 1 40
38 5 2 within
38 5 3 5
38 5 4 10
38 1 0 geq
38 1 1 45
38 1 2 within
38 1 3 5
38 1 4 8
38 8 0 gt
38 8 1 54
38 8 2 after
38 8 3 3
39 2 0 geq
39 2 1 45
39 2 2 before
39 2 3 8
39 1 0 geq
39 1 1 45
39 1 2 before
39 1 3 8
39 7 0 gt
39 7 1 21
39 7 2 after
39 7 3 8
39 6 0 geq
39 6 1 56
39 6 2 after
39 4 0 eq
39 4 1 60
39 4 2 within
39 4 3 9
39 4 4 8
39 5 0 gt
39 5 1 24
39 5 2 before
39 5 3 5
40 2 0 geq
40 2 1 45
40 2 2 after
40 2 3 3
40 1 0 geq
40 1 1 60
40 1 2 within
40 1 3 9
40 1 4 6
40 5 0 gt
40 5 1 30
40 5 2 before
40 5 3 7
40 8 0 gt
40 8 1 70
40 8 2 after
40 8 3 3
40 6 0 gt
40 6 1 63
40 6 2 before
40 7 0 geq
40 7 1 20
40 7 2 before
40 7 3 11
41 3 0 geq
41 3 1 45
41 3 2 within
41 3 3 10
41 3 4 6
41 6 0 geq
41 6 1 61
41 6 2 before
41 5 0 gt
41 5 1 25
41 5 2 within
41 5 3 11
41 5 4 9
41 4 0 eq
41 4 1 75
41 4 2 within
41 4 3 10
41 4 4 11
41 3 0 geq
41 3 1 45
41 3 2 before
41 3 3 10
41 6 0 geq
41 6 1 56
41 6 2 at
41 5 0 geq
41 5 1 35
41 5 2 at
41 5 3 4
41 4 0 eq
41 4 1 60
41 4 2 at
41 4 3 6
41 3 0 geq
41 3 1 60
41 3 2 within
41 3 3 10
41 3 4 4
41 5 0 gt
41 5 1 39
41 5 2 within
41 5 3 8
41 5 4 9
41 6 0 geq
41 6 1 64
41 6 2 before
41 4 0 eq
41 4 1 60
41 4 2 after
41 4 3 6
41 3 0 geq
41 3 1 45
41 3 2 at
41 3 3 8
41 5 0 gt
41 5 1 23
41 5 2 within
41 5 3 8
41 5 4 7
41 4 0 eq
41 4 1 120
41 4 2 within
41 4 3 7
41 4 4 6
41 6 0 geq
41 6 1 58
41 6 2 before
41 6 0 gt
41 6 1 56
41 6 2 after
41 4 0 eq
41 4 1 60
41 4 2 at
41 4 3 6
41 5 0 geq
41 5 1 23
41 5 2 before
41 5 3 11
41 3 0 geq
41 3 1 60
41 3 2 at
41 3 3 9
41 4 0 eq
41 4 1 60
41 4 2 within
41 4 3 4
41 4 4 7
41 6 0 geq
41 6 1 51
41 6 2 after
41 3 0 geq
41 3 1 45
41 3 2 before
41 3 3 4
41 5 0 gt
41 5 1 34
41 5 2 before
41 5 3 5
41 6 0 geq
41 6 1 65
41 6 2 at
41 5 0 geq
41 5 1 37
41 5 2 after
41 5 3 5
41 3 0 geq
41 3 1 60
41 3 2 after
41 3 3 9
41 4 0 eq
41 4 1 60
41 4 2 before
41 4 3 4
41 5 0 geq
41 5 1 36
41 5 2 after
41 5 3 6
41 6 0 geq
41 6 1 53
41 6 2 before
41 4 0 eq
41 4 1 60
41 4 2 at
41 4 3 9
41 3 0 geq
41 3 1 45
41 3 2 after
41 3 3 3
41 6 0 geq
41 6 1 56
41 6 2 before
41 4 0 eq
41 4 1 60
41 4 2 after
41 4 3 8
41 3 0 geq
41 3 1 45
41 3 2 before
41 3 3 4
41 5 0 gt
41 5 1 15
41 5 2 within
41 5 3 2
41 5 4 10
41 6 0 gt
41 6 1 60
41 6 2 after
41 4 0 eq
41 4 1 60
41 4 2 before
41 4 3 5
41 5 0 geq
41 5 1 39
41 5 2 at
41 5 3 9
41 3 0 geq
41 3 1 60
41 3 2 within
41 3 3 9
41 3 4 10
41 5 0 gt
41 5 1 24
41 5 2 at
41 5 3 9
41 4 0 eq
41 4 1 120
41 4 2 within
41 4 3 9
41 4 4 5
41 3 0 geq
41 3 1 45
41 3 2 at
41 3 3 7
41 6 0 gt
41 6 1 61
41 6 2 after
41 6 0 geq
41 6 1 55
41 6 2 at
41 3 0 geq
41 3 1 45
41 3 2 at
41 3 3 4
41 5 0 gt
41 5 1 35
41 5 2 after
41 5 3 8
41 4 0 eq
41 4 1 60
41 4 2 within
41 4 3 11
41 4 4 6
41 4 0 eq
41 4 1 75
41 4 2 before
41 4 3 7
41 6 0 geq
41 6 1 50
41 6 2 at
41 5 0 geq
41 5 1 32
41 5 2 within
41 5 3 9
41 5 4 11
41 3 0 geq
41 3 1 45
41 3 2 within
41 3 3 7
41 3 4 8
41 5 0 gt
41 5 1 21
41 5 2 at
41 5 3 9
41 6 0 gt
41 6 1 60
41 6 2 at
41 3 0 geq
41 3 1 60
41 3 2 after
41 3 3 9
41 4 0 eq
41 4 1 150
41 4 2 at
41 4 3 5
41 3 0 geq
41 3 1 60
41 3 2 at
41 3 3 10
41 5 0 gt
41 5 1 21
41 5 2 at
41 5 3 7
41 6 0 gt
41 6 1 62
41 6 2 after
41 4 0 eq
41 4 1 120
41 4 2 before
41 4 3 9
41 5 0 gt
41 5 1 39
41 5 2 before
41 5 3 5
41 3 0 geq
41 3 1 60
41 3 2 at
41 3 3 5
41 6 0 gt
41 6 1 65
41 6 2 at
41 4 0 eq
41 4 1 75
41 4 2 before
41 4 3 9
41 4 0 eq
41 4 1 75
41 4 2 after
41 4 3 7
41 6 0 geq
41 6 1 57
41 6 2 at
41 3 0 geq
41 3 1 45
41 3 2 within
41 3 3 8
41 3 4 6
41 5 0 geq
41 5 1 23
41 5 2 after
41 5 3 5
41 6 0 gt
41 6 1 56
41 6 2 before
41 4 0 eq
41 4 1 75
41 4 2 at
41 4 3 5
41 5 0 gt
41 5 1 26
41 5 2 after
41 5 3 9
41 3 0 geq
41 3 1 45
41 3 2 after
41 3 3 2
41 5 0 gt
41 5 1 15
41 5 2 after
41 5 3 3
41 4 0 eq
41 4 1 120
41 4 2 within
41 4 3 8
41 4 4 6
41 3 0 geq
41 3 1 60
41 3 2 after
41 3 3 7
41 6 0 geq
41 6 1 60
41 6 2 at
41 3 0 geq
41 3 1 45
41 3 2 after
41 3 3 1
41 5 0 gt
41 5 1 15
41 5 2 before
41 5 3 10
41 6 0 geq
41 6 1 52
41 6 2 after
41 4 0 eq
41 4 1 60
41 4 2 within
41 4 3 9
41 4 4 4
41 3 0 geq
41 3 1 60
41 3 2 before
41 3 3 5
41 5 0 gt
41 5 1 18
41 5 2 after
41 5 3 8
41 4 0 eq
41 4 1 120
41 4 2 within
41 4 3 5
41 4 4 4
41 6 0 geq
41 6 1 62
41 6 2 at
41 6 0 geq
41 6 1 50
41 6 2 before
41 4 0 eq
41 4 1 60
41 4 2 within
41 4 3 10
41 4 4 5
41 5 0 gt
41 5 1 23
41 5 2 after
41 5 3 8
41 3 0 geq
41 3 1 60
41 3 2 within
41 3 3 3
41 3 4 11
41 5 0 geq
41 5 1 30
41 5 2 within
41 5 3 3
41 5 4 9
41 4 0 eq
41 4 1 60
41 4 2 after
41 4 3 3
41 3 0 geq
41 3 1 45
41 3 2 after
41 3 3 1
41 6 0 gt
41 6 1 65
41 6 2 before
41 5 0 geq
41 5 1 39
41 5 2 before
41 5 3 8
41 6 0 gt
41 6 1 62
41 6 2 after
41 4 0 eq
41 4 1 75
41 4 2 within
41 4 3 10
41 4 4 8
41 3 0 geq
41 3 1 60
41 3 2 within
41 3 3 7
41 3 4 9
41 6 0 geq
41 6 1 61
41 6 2 at
41 3 0 geq
41 3 1 45
41 3 2 after
41 3 3 8
41 4 0 eq
41 4 1 75
41 4 2 at
41 4 3 3
41 5 0 gt
41 5 1 29
41 5 2 before
41 5 3 3
41 4 0 eq
41 4 1 120
41 4 2 before
41 4 3 8
41 5 0 gt
41 5 1 34
41 5 2 after
41 5 3 5
41 6 0 gt
41 6 1 56
41 6 2 after
41 3 0 geq
41 3 1 60
41 3 2 at
41 3 3 5
41 6 0 gt
41 6 1 64
41 6 2 before
41 3 0 geq
41 3 1 60
41 3 2 at
41 3 3 7
41 5 0 gt
41 5 1 33
41 5 2 before
41 5 3 10
41 4 0 eq
41 4 1 120
41 4 2 before
41 4 3 7
41 3 0 geq
41 3 1 45
41 3 2 within
41 3 3 8
41 3 4 10
41 4 0 eq
41 4 1 60
41 4 2 before
41 4 3 9
41 5 0 geq
41 5 1 27
41 5 2 within
41 5 3 11
41 5 4 4
41 6 0 geq
41 6 1 63
41 6 2 after
41 6 0 gt
41 6 1 53
41 6 2 after
41 5 0 geq
41 5 1 37
41 5 2 before
41 5 3 5
41 3 0 geq
41 3 1 60
41 3 2 after
41 3 3 3
41 4 0 eq
41 4 1 75
41 4 2 at
41 4 3 6
41 4 0 eq
41 4 1 150
41 4 2 before
41 4 3 10
41 6 0 gt
41 6 1 54
41 6 2 after
41 5 0 gt
41 5 1 20
41 5 2 before
41 5 3 3
41 3 0 geq
41 3 1 45
41 3 2 before
41 3 3 7
41 4 0 eq
41 4 1 75
41 4 2 within
41 4 3 4
41 4 4 8
41 5 0 geq
41 5 1 40
41 5 2 at
41 5 3 7
41 6 0 gt
41 6 1 56
41 6 2 before
41 3 0 geq
41 3 1 45
41 3 2 before
41 3 3 8
41 5 0 gt
41 5 1 24
41 5 2 after
41 5 3 8
41 6 0 gt
41 6 1 51
41 6 2 at
41 3 0 geq
41 3 1 60
41 3 2 at
41 3 3 5
41 4 0 eq
41 4 1 120
41 4 2 before
41 4 3 7
41 6 0 gt
41 6 1 56
41 6 2 after
41 4 0 eq
41 4 1 75
41 4 2 within
41 4 3 4
41 4 4 3
41 5 0 gt
41 5 1 37
41 5 2 after
41 5 3 7
41 3 0 geq
41 3 1 60
41 3 2 at
41 3 3 7
41 6 0 geq
41 6 1 56
41 6 2 after
41 3 0 geq
41 3 1 45
41 3 2 within
41 3 3 3
41 3 4 9
41 5 0 gt
41 5 1 38
41 5 2 after
41 5 3 4
41 4 0 eq
41 4 1 60
41 4 2 within
41 4 3 8
41 4 4 6
41 3 0 geq
41 3 1 45
41 3 2 before
41 3 3 7
41 6 0 gt
41 6 1 61
41 6 2 at
41 5 0 geq
41 5 1 38
41 5 2 within
41 5 3 7
41 5 4 6
41 4 0 eq
41 4 1 75
41 4 2 within
41 4 3 5
41 4 4 3
41 6 0 geq
41 6 1 50
41 6 2 before
41 4 0 eq
41 4 1 120
41 4 2 within
41 4 3 5
41 4 4 11
41 5 0 gt
41 5 1 23
41 5 2 at
41 5 3 7
41 3 0 geq
41 3 1 60
41 3 2 within
41 3 3 9
41 3 4 4
41 5 0 gt
41 5 1 15
41 5 2 at
41 5 3 5
41 6 0 gt
41 6 1 62
41 6 2 at
41 4 0 eq
41 4 1 60
41 4 2 at
41 4 3 7
41 3 0 geq
41 3 1 60
41 3 2 within
41 3 3 5
41 3 4 7
41 4 0 eq
41 4 1 75
41 4 2 within
41 4 3 3
41 4 4 4
41 6 0 gt
41 6 1 63
41 6 2 before
41 5 0 geq
41 5 1 26
41 5 2 before
41 5 3 11
41 3 0 geq
41 3 1 60
41 3 2 at
41 3 3 11
41 5 0 geq
41 5 1 40
41 5 2 at
41 5 3 7
41 6 0 geq
41 6 1 54
41 6 2 before
41 4 0 eq
41 4 1 75
41 4 2 within
41 4 3 10
41 4 4 9
41 3 0 geq
41 3 1 60
41 3 2 after
41 3 3 6
41 3 0 geq
41 3 1 45
41 3 2 at
41 3 3 7
41 5 0 gt
41 5 1 28
41 5 2 within
41 5 3 7
41 5 4 4
41 4 0 eq
41 4 1 120
41 4 2 after
41 4 3 5
41 6 0 gt
41 6 1 59
41 6 2 after
41 7 0 gt
41 7 1 20
41 7 2 after
41 7 3 7
41 1 0 geq
41 1 1 45
41 1 2 within
41 1 3 5
41 1 4 4
41 7 0 geq
41 7 1 21
41 7 2 within
41 7 3 4
41 7 4 9
41 1 0 geq
41 1 1 60
41 1 2 within
41 1 3 3
41 1 4 6
41 7 0 geq
41 7 1 21
41 7 2 after
41 7 3 2
41 1 0 geq
41 1 1 45
41 1 2 before
41 1 3 9
41 7 0 geq
41 7 1 24
41 7 2 before
41 7 3 9
41 1 0 geq
41 1 1 45
41 1 2 after
41 1 3 7
41 7 0 gt
41 7 1 20
41 7 2 within
41 7 3 9
41 7 4 4
41 1 0 geq
41 1 1 45
41 1 2 at
41 1 3 9
41 7 0 gt
41 7 1 18
41 7 2 within
41 7 3 7
41 7 4 8
41 1 0 geq
41 1 1 60
41 1 2 before
41 1 3 4
41 1 0 geq
41 1 1 60
41 1 2 within
41 1 3 10
41 1 4 4
41 7 0 geq
41 7 1 24
41 7 2 before
41 7 3 6
41 7 0 gt
41 7 1 24
41 7 2 within
41 7 3 5
41 7 4 8
41 1 0 geq
41 1 1 60
41 1 2 at
41 1 3 8
41 7 0 geq
41 7 1 24
41 7 2 within
41 7 3 9
41 7 4 4
41 1 0 geq
41 1 1 60
41 1 2 at
41 1 3 10
41 1 0 geq
41 1 1 45
41 1 2 at
41 1 3 6
41 7 0 gt
41 7 1 19
41 7 2 at
41 7 3 8
41 1 0 geq
41 1 1 45
41 1 2 at
41 1 3 6
41 7 0 gt
41 7 1 20
41 7 2 within
41 7 3 4
41 7 4 6
41 7 0 geq
41 7 1 21
41 7 2 before
41 7 3 8
41 1 0 geq
41 1 1 60
41 1 2 within
41 1 3 10
41 1 4 4
41 1 0 geq
41 1 1 45
41 1 2 within
41 1 3 5
41 1 4 3
41 7 0 geq
41 7 1 18
41 7 2 within
41 7 3 3
41 7 4 7
41 1 0 geq
41 1 1 60
41 1 2 before
41 1 3 3
41 7 0 gt
41 7 1 20
41 7 2 before
41 7 3 11
41 1 0 geq
41 1 1 60
41 1 2 at
41 1 3 8
41 7 0 geq
41 7 1 20
41 7 2 within
41 7 3 11
41 7 4 3
41 7 0 gt
41 7 1 24
41 7 2 at
41 7 3 6
41 1 0 geq
41 1 1 45
41 1 2 within
41 1 3 8
41 1 4 5
41 1 0 geq
41 1 1 45
41 1 2 before
41 1 3 8
41 7 0 gt
41 7 1 24
41 7 2 at
41 7 3 3
41 7 0 gt
41 7 1 18
41 7 2 within
41 7 3 8
41 7 4 11
41 1 0 geq
41 1 1 45
41 1 2 before
41 1 3 7
41 1 0 geq
41 1 1 60
41 1 2 at
41 1 3 6
41 7 0 geq
41 7 1 21
41 7 2 at
41 7 3 3
41 7 0 gt
41 7 1 17
41 7 2 at
41 7 3 2
41 1 0 geq
41 1 1 60
41 1 2 before
41 1 3 9
41 1 0 geq
41 1 1 45
41 1 2 before
41 1 3 9
41 7 0 geq
41 7 1 22
41 7 2 before
41 7 3 9
41 7 0 gt
41 7 1 19
41 7 2 before
41 7 3 4
41 1 0 geq
41 1 1 60
41 1 2 at
41 1 3 11
41 7 0 gt
41 7 1 19
41 7 2 within
41 7 3 6
41 7 4 11
41 1 0 geq
41 1 1 60
41 1 2 within
41 1 3 11
41 1 4 5
41 7 0 gt
41 7 1 22
41 7 2 at
41 7 3 10
41 1 0 geq
41 1 1 45
41 1 2 at
41 1 3 11
41 1 0 geq
41 1 1 45
41 1 2 before
41 1 3 4
41 7 0 gt
41 7 1 18
41 7 2 at
41 7 3 6
41 1 0 geq
41 1 1 45
41 1 2 within
41 1 3 6
41 1 4 10
41 7 0 geq
41 7 1 22
41 7 2 within
41 7 3 4
41 7 4 7
41 1 0 geq
41 1 1 45
41 1 2 before
41 1 3 6
41 7 0 geq
41 7 1 24
41 7 2 within
41 7 3 8
41 7 4 6
41 7 0 geq
41 7 1 23
41 7 2 within
41 7 3 9
41 7 4 6
41 1 0 geq
41 1 1 45
41 1 2 before
41 1 3 11
41 1 0 geq
41 1 1 45
41 1 2 after
41 1 3 2
41 7 0 geq
41 7 1 21
41 7 2 after
41 7 3 1
41 7 0 gt
41 7 1 24
41 7 2 before
41 7 3 11
41 1 0 geq
41 1 1 45
41 1 2 after
41 1 3 3
41 7 0 geq
41 7 1 21
41 7 2 within
41 7 3 5
41 7 4 8
41 1 0 geq
41 1 1 45
41 1 2 at
41 1 3 4
41 7 0 geq
41 7 1 21
41 7 2 at
41 7 3 11
41 1 0 geq
41 1 1 60
41 1 2 after
41 1 3 3
41 1 0 geq
41 1 1 60
41 1 2 before
41 1 3 7
41 7 0 geq
41 7 1 21
41 7 2 at
41 7 3 3
41 1 0 geq
41 1 1 45
41 1 2 at
41 1 3 9
41 7 0 gt
41 7 1 22
41 7 2 at
41 7 3 4
41 7 0 gt
41 7 1 24
41 7 2 after
41 7 3 5
41 1 0 geq
41 1 1 60
41 1 2 before
41 1 3 9
41 7 0 geq
41 7 1 19
41 7 2 after
41 7 3 3
41 1 0 geq
41 1 1 60
41 1 2 within
41 1 3 5
41 1 4 4
41 7 0 gt
41 7 1 24
41 7 2 before
41 7 3 5
41 1 0 geq
41 1 1 45
41 1 2 at
41 1 3 5
41 7 0 geq
41 7 1 24
41 7 2 at
41 7 3 10
41 1 0 geq
41 1 1 45
41 1 2 before
41 1 3 8
41 7 0 geq
41 7 1 19
41 7 2 at
41 7 3 10
41 1 0 geq
41 1 1 60
41 1 2 within
41 1 3 8
41 1 4 3
41 7 0 gt
41 7 1 23
41 7 2 within
41 7 3 4
41 7 4 3
41 1 0 geq
41 1 1 60
41 1 2 within
41 1 3 11
41 1 4 3
41 8 0 gt
41 8 1 78
41 8 2 after
41 8 3 6
41 2 0 geq
41 2 1 45
41 2 2 within
41 2 3 8
41 2 4 10
41 8 0 geq
41 8 1 70
41 8 2 within
41 8 3 4
41 8 4 10
41 2 0 geq
41 2 1 60
41 2 2 at
41 2 3 8
41 8 0 geq
41 8 1 56
41 8 2 at
41 8 3 7
41 2 0 geq
41 2 1 60
41 2 2 within
41 2 3 4
41 2 4 10
41 8 0 geq
41 8 1 57
41 8 2 at
41 8 3 5
41 2 0 geq
41 2 1 60
41 2 2 after
41 2 3 9
41 2 0 geq
41 2 1 45
41 2 2 before
41 2 3 5
41 8 0 geq
41 8 1 76
41 8 2 within
41 8 3 7
41 8 4 9
41 8 0 geq
41 8 1 51
41 8 2 after
41 8 3 4
41 2 0 geq
41 2 1 60
41 2 2 within
41 2 3 7
41 2 4 5
41 8 0 geq
41 8 1 74
41 8 2 before
41 8 3 5
41 2 0 geq
41 2 1 60
41 2 2 within
41 2 3 11
41 2 4 8
41 8 0 geq
41 8 1 66
41 8 2 after
41 8 3 8
41 2 0 geq
41 2 1 45
41 2 2 within
41 2 3 11
41 2 4 8
41 2 0 geq
41 2 1 60
41 2 2 before
41 2 3 5
41 8 0 geq
41 8 1 74
41 8 2 within
41 8 3 4
41 8 4 10
41 8 0 gt
41 8 1 69
41 8 2 at
41 8 3 11
41 2 0 geq
41 2 1 45
41 2 2 before
41 2 3 4
41 8 0 geq
41 8 1 51
41 8 2 at
41 8 3 8
41 2 0 geq
41 2 1 45
41 2 2 before
41 2 3 4
41 8 0 gt
41 8 1 59
41 8 2 at
41 8 3 8
41 2 0 geq
41 2 1 45
41 2 2 at
41 2 3 10
41 2 0 geq
41 2 1 45
41 2 2 within
41 2 3 7
41 2 4 8
41 8 0 gt
41 8 1 51
41 8 2 within
41 8 3 8
41 8 4 7
41 8 0 geq
41 8 1 68
41 8 2 before
41 8 3 4
41 2 0 geq
41 2 1 45
41 2 2 before
41 2 3 11
41 8 0 gt
41 8 1 54
41 8 2 after
41 8 3 5
41 2 0 geq
41 2 1 45
41 2 2 before
41 2 3 6
41 8 0 gt
41 8 1 61
41 8 2 at
41 8 3 11
41 2 0 geq
41 2 1 60
41 2 2 at
41 2 3 4
41 2 0 geq
41 2 1 45
41 2 2 after
41 2 3 1
41 8 0 geq
41 8 1 73
41 8 2 within
41 8 3 6
41 8 4 7
41 8 0 gt
41 8 1 50
41 8 2 after
41 8 3 2
41 2 0 geq
41 2 1 45
41 2 2 at
41 2 3 11
41 2 0 geq
41 2 1 45
41 2 2 at
41 2 3 7
41 8 0 geq
41 8 1 78
41 8 2 after
41 8 3 2
41 2 0 geq
41 2 1 45
41 2 2 at
41 2 3 5
41 8 0 geq
41 8 1 52
41 8 2 after
41 8 3 2
41 2 0 geq
41 2 1 60
41 2 2 within
41 2 3 11
41 2 4 9
41 8 0 geq
41 8 1 50
41 8 2 after
41 8 3 3
41 2 0 geq
41 2 1 45
41 2 2 at
41 2 3 6
41 8 0 gt
41 8 1 53
41 8 2 at
41 8 3 5
41 8 0 gt
41 8 1 52
41 8 2 at
41 8 3 11
41 2 0 geq
41 2 1 45
41 2 2 before
41 2 3 8
41 8 0 geq
41 8 1 70
41 8 2 within
41 8 3 8
41 8 4 6
41 2 0 geq
41 2 1 45
41 2 2 after
41 2 3 1
41 8 0 gt
41 8 1 78
41 8 2 before
41 8 3 7
41 2 0 geq
41 2 1 60
41 2 2 after
41 2 3 3
41 2 0 geq
41 2 1 45
41 2 2 after
41 2 3 8
41 8 0 gt
41 8 1 72
41 8 2 after
41 8 3 1
41 2 0 geq
41 2 1 60
41 2 2 after
41 2 3 1
41 8 0 gt
41 8 1 77
41 8 2 before
41 8 3 9
41 8 0 geq
41 8 1 54
41 8 2 before
41 8 3 11
41 2 0 geq
41 2 1 45
41 2 2 within
41 2 3 3
41 2 4 7
41 2 0 geq
41 2 1 45
41 2 2 at
41 2 3 9
41 8 0 geq
41 8 1 69
41 8 2 at
41 8 3 9
41 8 0 geq
41 8 1 55
41 8 2 before
41 8 3 9
41 2 0 geq
41 2 1 45
41 2 2 within
41 2 3 6
41 2 4 10
41 2 0 geq
41 2 1 60
41 2 2 after
41 2 3 5
41 8 0 gt
41 8 1 79
41 8 2 before
41 8 3 10
41 2 0 geq
41 2 1 45
41 2 2 before
41 2 3 3
41 8 0 gt
41 8 1 66
41 8 2 within
41 8 3 9
41 8 4 10
41 8 0 geq
41 8 1 51
41 8 2 after
41 8 3 4
41 2 0 geq
41 2 1 60
41 2 2 within
41 2 3 5
41 2 4 8
41 2 0 geq
41 2 1 60
41 2 2 within
41 2 3 6
41 2 4 9
41 8 0 gt
41 8 1 78
41 8 2 before
41 8 3 10
41 8 0 gt
41 8 1 52
41 8 2 at
41 8 3 8
41 2 0 geq
41 2 1 45
41 2 2 within
41 2 3 10
41 2 4 3
41 8 0 geq
41 8 1 60
41 8 2 within
41 8 3 11
41 8 4 9
41 2 0 geq
41 2 1 45
41 2 2 at
41 2 3 7
41 8 0 geq
41 8 1 79
41 8 2 after
41 8 3 1
41 2 0 geq
41 2 1 45
41 2 2 at
41 2 3 10
41 8 0 geq
41 8 1 64
41 8 2 at
41 8 3 9
41 2 0 geq
41 2 1 60
41 2 2 before
41 2 3 4
41 2 0 geq
41 2 1 45
41 2 2 after
41 2 3 5
41 8 0 geq
41 8 1 52
41 8 2 after
41 8 3 2
41 2 0 geq
41 2 1 60
41 2 2 before
41 2 3 10
41 8 0 gt
41 8 1 53
41 8 2 after
41 8 3 4
