1 4 0 eq
1 4 1 60
1 4 2 before
1 4 3 8
1 2 0 geq
1 2 1 60
1 2 2 after
1 2 3 8
1 6 0 gt
1 6 1 56
1 6 2 after
1 5 0 gt
1 5 1 40
1 5 2 before
1 5 3 11
1 3 0 geq
1 3 1 60
1 3 2 at
1 3 3 8
1 1 0 geq
1 1 1 60
1 1 2 at
1 1 3 7
2 8 0 gt
2 8 1 58
2 8 2 before
2 8 3 5
2 6 0 gt
2 6 1 64
2 6 2 at
2 5 0 geq
2 5 1 23
2 5 2 at
2 5 3 11
2 1 0 geq
2 1 1 60
2 1 2 after
2 1 3 7
2 3 0 geq
2 3 1 45
2 3 2 after
2 3 3 6
2 7 0 gt
2 7 1 18
2 7 2 within
2 7 3 10
2 7 4 5
3 6 0 gt
3 6 1 58
3 6 2 after
3 4 0 eq
3 4 1 120
3 4 2 after
3 4 3 1
3 2 0 geq
3 2 1 45
3 2 2 before
3 2 3 9
3 8 0 gt
3 8 1 63
3 8 2 within
3 8 3 5
3 8 4 6
3 7 0 geq
3 7 1 19
3 7 2 at
3 7 3 10
3 3 0 geq
3 3 1 45
3 3 2 at
3 3 3 10
4 6 0 gt
4 6 1 65
4 6 2 after
4 5 0 gt
4 5 1 17
4 5 2 after
4 5 3 4
4 2 0 geq
4 2 1 60
4 2 2 after
4 2 3 3
4 3 0 geq
4 3 1 45
4 3 2 before
4 3 3 7
4 7 0 gt
4 7 1 23
4 7 2 after
4 7 3 5
4 1 0 geq
4 1 1 60
4 1 2 within
4 1 3 7
4 1 4 10
5 8 0 geq
5 8 1 76
5 8 2 within
5 8 3 11
5 8 4 4
5 4 0 eq
5 4 1 75
5 4 2 before
5 4 3 8
5 7 0 geq
5 7 1 21
5 7 2 before
5 7 3 11
5 1 0 geq
5 1 1 60
5 1 2 before
5 1 3 3
5 2 0 geq
5 2 1 45
5 2 2 after
5 2 3 2
5 3 0 geq
5 3 1 45
5 3 2 before
5 3 3 9
6 1 0 geq
6 1 1 60
6 1 2 before
6 1 3 3
6 8 0 geq
6 8 1 63
6 8 2 at
6 8 3 9
6 3 0 geq
6 3 1 60
6 3 2 within
6 3 3 4
6 3 4 10
6 5 0 geq
6 5 1 23
6 5 2 before
6 5 3 6
6 2 0 geq
6 2 1 45
6 2 2 after
6 2 3 5
6 7 0 geq
6 7 1 22
6 7 2 within
6 7 3 9
6 7 4 5
7 6 0 gt
7 6 1 59
7 6 2 at
7 7 0 geq
7 7 1 20
7 7 2 at
7 7 3 4
7 2 0 geq
7 2 1 60
7 2 2 before
7 2 3 9
7 8 0 geq
7 8 1 75
7 8 2 at
7 8 3 7
7 3 0 geq
7 3 1 45
7 3 2 after
7 3 3 1
7 5 0 gt
7 5 1 22
7 5 2 at
7 5 3 3
8 7 0 geq
8 7 1 19
8 7 2 before
8 7 3 10
8 3 0 geq
8 3 1 60
8 3 2 after
8 3 3 2
8 4 0 eq
8 4 1 150
8 4 2 at
8 4 3 8
8 2 0 geq
8 2 1 45
8 2 2 after
8 2 3 5
8 1 0 geq
8 1 1 45
8 1 2 at
8 1 3 9
8 5 0 gt
8 5 1 17
8 5 2 at
8 5 3 5
9 5 0 gt
9 5 1 27
9 5 2 at
9 5 3 9
9 1 0 geq
9 1 1 45
9 1 2 after
9 1 3 1
9 4 0 eq
9 4 1 150
9 4 2 within
9 4 3 7
9 4 4 11
9 2 0 geq
9 2 1 60
9 2 2 after
9 2 3 4
9 6 0 gt
9 6 1 57
9 6 2 at
9 7 0 geq
9 7 1 21
9 7 2 within
9 7 3 6
9 7 4 9
10 6 0 gt
10 6 1 62
10 6 2 before
10 2 0 geq
10 2 1 45
10 2 2 before
10 2 3 7
10 5 0 geq
10 5 1 22
10 5 2 at
10 5 3 3
10 1 0 geq
10 1 1 60
10 1 2 at
10 1 3 4
10 3 0 geq
10 3 1 45
10 3 2 after
10 3 3 2
10 8 0 gt
10 8 1 71
10 8 2 after
10 8 3 4
11 4 0 eq
11 4 1 60
11 4 2 at
11 4 3 10
11 6 0 gt
11 6 1 56
11 6 2 before
11 8 0 gt
11 8 1 73
11 8 2 within
11 8 3 11
11 8 4 7
11 3 0 geq
11 3 1 45
11 3 2 within
11 3 3 7
11 3 4 6
11 2 0 geq
11 2 1 60
11 2 2 after
11 2 3 4
11 1 0 geq
11 1 1 45
11 1 2 within
11 1 3 11
11 1 4 5
12 8 0 geq
12 8 1 54
12 8 2 after
12 8 3 5
12 5 0 geq
12 5 1 24
12 5 2 before
12 5 3 6
12 3 0 geq
12 3 1 45
12 3 2 before
12 3 3 9
12 1 0 geq
12 1 1 60
12 1 2 at
12 1 3 6
12 6 0 geq
12 6 1 54
12 6 2 at
12 2 0 geq
12 2 1 45
12 2 2 at
12 2 3 8
13 3 0 geq
13 3 1 45
13 3 2 before
13 3 3 8
13 7 0 geq
13 7 1 21
13 7 2 before
13 7 3 11
13 8 0 gt
13 8 1 59
13 8 2 before
13 8 3 11
13 1 0 geq
13 1 1 60
13 1 2 after
13 1 3 2
13 6 0 gt
13 6 1 55
13 6 2 after
13 5 0 gt
13 5 1 15
13 5 2 before
13 5 3 6
14 3 0 geq
14 3 1 45
14 3 2 at
14 3 3 11
14 2 0 geq
14 2 1 45
14 2 2 within
14 2 3 4
14 2 4 5
14 1 0 geq
14 1 1 45
14 1 2 at
14 1 3 11
14 8 0 gt
14 8 1 52
14 8 2 within
14 8 3 8
14 8 4 5
14 6 0 geq
14 6 1 65
14 6 2 after
14 4 0 eq
14 4 1 60
14 4 2 before
14 4 3 9
15 5 0 gt
15 5 1 34
15 5 2 after
15 5 3 8
15 8 0 gt
15 8 1 61
15 8 2 after
15 8 3 1
15 6 0 geq
15 6 1 63
15 6 2 after
15 7 0 geq
15 7 1 22
15 7 2 within
15 7 3 3
15 7 4 8
15 2 0 geq
15 2 1 60
15 2 2 before
15 2 3 10
15 3 0 geq
15 3 1 45
15 3 2 before
15 3 3 9
16 1 0 geq
16 1 1 60
16 1 2 at
16 1 3 7
16 8 0 geq
16 8 1 58
16 8 2 before
16 8 3 8
16 7 0 geq
16 7 1 23
16 7 2 at
16 7 3 8
16 5 0 geq
16 5 1 31
16 5 2 after
16 5 3 4
16 6 0 geq
16 6 1 52
16 6 2 after
16 3 0 geq
16 3 1 45
16 3 2 at
16 3 3 6
17 6 0 geq
17 6 1 60
17 6 2 at
17 7 0 geq
17 7 1 21
17 7 2 before
17 7 3 7
17 3 0 geq
17 3 1 60
17 3 2 at
17 3 3 8
17 5 0 geq
17 5 1 36
17 5 2 after
17 5 3 5
17 4 0 eq
17 4 1 120
17 4 2 before
17 4 3 7
17 1 0 geq
17 1 1 45
17 1 2 before
17 1 3 11
18 3 0 geq
18 3 1 45
18 3 2 at
18 3 3 11
18 6 0 geq
18 6 1 63
18 6 2 before
18 1 0 geq
18 1 1 60
18 1 2 before
18 1 3 9
18 4 0 eq
18 4 1 120
18 4 2 after
18 4 3 3
18 2 0 geq
18 2 1 60
18 2 2 after
18 2 3 8
18 8 0 geq
18 8 1 62
18 8 2 before
18 8 3 9
19 3 0 geq
19 3 1 60
19 3 2 before
19 3 3 5
19 2 0 geq
19 2 1 45
19 2 2 before
19 2 3 10
19 5 0 gt
19 5 1 36
19 5 2 within
19 5 3 8
19 5 4 10
19 4 0 eq
19 4 1 75
19 4 2 at
19 4 3 10
19 8 0 geq
19 8 1 67
19 8 2 after
19 8 3 2
19 7 0 geq
19 7 1 21
19 7 2 after
19 7 3 3
20 5 0 geq
20 5 1 26
20 5 2 after
20 5 3 6
20 6 0 geq
20 6 1 58
20 6 2 before
20 7 0 gt
20 7 1 19
20 7 2 before
20 7 3 3
20 3 0 geq
20 3 1 45
20 3 2 within
20 3 3 8
20 3 4 10
20 2 0 geq
20 2 1 45
20 2 2 after
20 2 3 7
20 8 0 geq
20 8 1 64
20 8 2 after
20 8 3 3
21 6 0 geq
21 6 1 50
21 6 2 before
21 4 0 eq
21 4 1 120
21 4 2 within
21 4 3 6
21 4 4 11
21 3 0 geq
21 3 1 45
21 3 2 before
21 3 3 3
21 1 0 geq
21 1 1 60
21 1 2 within
21 1 3 4
21 1 4 7
21 5 0 geq
21 5 1 35
21 5 2 after
21 5 3 7
21 7 0 gt
21 7 1 21
21 7 2 after
21 7 3 2
22 3 0 geq
22 3 1 60
22 3 2 after
22 3 3 1
22 5 0 gt
22 5 1 40
22 5 2 before
22 5 3 7
22 6 0 gt
22 6 1 62
22 6 2 after
22 4 0 eq
22 4 1 75
22 4 2 before
22 4 3 8
22 4 0 eq
22 4 1 150
22 4 2 at
22 4 3 9
22 5 0 gt
22 5 1 19
22 5 2 before
22 5 3 8
22 6 0 gt
22 6 1 64
22 6 2 after
22 3 0 geq
22 3 1 45
22 3 2 at
22 3 3 7
22 5 0 geq
22 5 1 27
22 5 2 after
22 5 3 3
22 3 0 geq
22 3 1 45
22 3 2 after
22 3 3 2
22 4 0 eq
22 4 1 60
22 4 2 within
22 4 3 6
22 4 4 11
22 6 0 geq
22 6 1 52
22 6 2 after
22 4 0 eq
22 4 1 60
22 4 2 within
22 4 3 8
22 4 4 4
22 5 0 gt
22 5 1 32
22 5 2 within
22 5 3 11
22 5 4 10
22 3 0 geq
22 3 1 60
22 3 2 within
22 3 3 10
22 3 4 4
22 6 0 gt
22 6 1 56
22 6 2 after
22 6 0 gt
22 6 1 62
22 6 2 at
22 3 0 geq
22 3 1 45
22 3 2 at
22 3 3 8
22 5 0 geq
22 5 1 20
22 5 2 after
22 5 3 1
22 4 0 eq
22 4 1 75
22 4 2 before
22 4 3 6
22 5 0 gt
22 5 1 37
22 5 2 within
22 5 3 7
22 5 4 4
22 6 0 gt
22 6 1 58
22 6 2 before
22 3 0 geq
22 3 1 60
22 3 2 before
22 3 3 9
22 4 0 eq
22 4 1 150
22 4 2 before
22 4 3 4
22 3 0 geq
22 3 1 60
22 3 2 after
22 3 3 9
22 4 0 eq
22 4 1 75
22 4 2 within
22 4 3 7
22 4 4 10
22 6 0 geq
22 6 1 50
22 6 2 at
22 5 0 gt
22 5 1 17
22 5 2 after
22 5 3 1
22 3 0 geq
22 3 1 45
22 3 2 before
22 3 3 4
22 5 0 geq
22 5 1 33
22 5 2 before
22 5 3 5
22 6 0 gt
22 6 1 63
22 6 2 at
22 4 0 eq
22 4 1 75
22 4 2 within
22 4 3 5
22 4 4 11
22 5 0 gt
22 5 1 39
22 5 2 before
22 5 3 9
22 6 0 gt
22 6 1 54
22 6 2 after
22 4 0 eq
22 4 1 75
22 4 2 after
22 4 3 5
22 3 0 geq
22 3 1 45
22 3 2 after
22 3 3 9
22 3 0 geq
22 3 1 45
22 3 2 within
22 3 3 10
22 3 4 5
22 5 0 gt
22 5 1 25
22 5 2 at
22 5 3 11
22 4 0 eq
22 4 1 75
22 4 2 at
22 4 3 10
22 6 0 geq
22 6 1 51
22 6 2 before
22 4 0 eq
22 4 1 75
22 4 2 before
22 4 3 10
22 6 0 geq
22 6 1 62
22 6 2 after
22 5 0 geq
22 5 1 25
22 5 2 at
22 5 3 3
22 3 0 geq
22 3 1 60
22 3 2 within
22 3 3 3
22 3 4 11
22 4 0 eq
22 4 1 75
22 4 2 within
22 4 3 10
22 4 4 7
22 6 0 gt
22 6 1 52
22 6 2 at
22 5 0 gt
22 5 1 24
22 5 2 after
22 5 3 6
22 3 0 geq
22 3 1 60
22 3 2 at
22 3 3 3
22 5 0 geq
22 5 1 31
22 5 2 after
22 5 3 4
22 3 0 geq
22 3 1 45
22 3 2 within
22 3 3 5
22 3 4 9
22 4 0 eq
22 4 1 120
22 4 2 after
22 4 3 2
22 6 0 gt
22 6 1 52
22 6 2 after
22 5 0 gt
22 5 1 18
22 5 2 at
22 5 3 2
22 4 0 eq
22 4 1 60
22 4 2 before
22 4 3 6
22 6 0 geq
22 6 1 56
22 6 2 before
22 3 0 geq
22 3 1 60
22 3 2 after
22 3 3 6
22 4 0 eq
22 4 1 150
22 4 2 after
22 4 3 1
22 6 0 gt
22 6 1 53
22 6 2 before
22 3 0 geq
22 3 1 45
22 3 2 before
22 3 3 6
22 5 0 geq
22 5 1 33
22 5 2 before
22 5 3 10
22 4 0 eq
22 4 1 150
22 4 2 within
22 4 3 10
22 4 4 8
22 6 0 gt
22 6 1 54
22 6 2 before
22 5 0 geq
22 5 1 34
22 5 2 within
22 5 3 8
22 5 4 4
22 3 0 geq
22 3 1 45
22 3 2 at
22 3 3 9
22 4 0 eq
22 4 1 150
22 4 2 within
22 4 3 4
22 4 4 8
22 6 0 geq
22 6 1 53
22 6 2 at
22 3 0 geq
22 3 1 60
22 3 2 after
22 3 3 6
22 5 0 geq
22 5 1 16
22 5 2 at
22 5 3 2
22 3 0 geq
22 3 1 45
22 3 2 after
22 3 3 9
22 5 0 geq
22 5 1 32
22 5 2 at
22 5 3 10
22 4 0 eq
22 4 1 120
22 4 2 at
22 4 3 7
22 6 0 gt
22 6 1 54
22 6 2 after
22 5 0 gt
22 5 1 27
22 5 2 at
22 5 3 7
22 4 0 eq
22 4 1 60
22 4 2 before
22 4 3 8
22 6 0 geq
22 6 1 50
22 6 2 at
22 3 0 geq
22 3 1 60
22 3 2 within
22 3 3 8
22 3 4 7
22 4 0 eq
22 4 1 150
22 4 2 before
22 4 3 7
22 3 0 geq
22 3 1 60
22 3 2 at
22 3 3 6
22 5 0 gt
22 5 1 30
22 5 2 before
22 5 3 8
22 6 0 geq
22 6 1 58
22 6 2 at
22 3 0 geq
22 3 1 45
22 3 2 at
22 3 3 10
22 5 0 gt
22 5 1 15
22 5 2 at
22 5 3 5
22 6 0 gt
22 6 1 50
22 6 2 at
22 4 0 eq
22 4 1 150
22 4 2 within
22 4 3 9
22 4 4 7
22 7 0 geq
22 7 1 20
22 7 2 within
22 7 3 5
22 7 4 10
22 1 0 geq
22 1 1 45
22 1 2 after
22 1 3 6
22 1 0 geq
22 1 1 45
22 1 2 within
22 1 3 11
22 1 4 3
22 7 0 geq
22 7 1 17
22 7 2 within
22 7 3 7
22 7 4 3
22 1 0 geq
22 1 1 45
22 1 2 at
22 1 3 3
22 7 0 geq
22 7 1 19
22 7 2 within
22 7 3 4
22 7 4 5
22 7 0 gt
22 7 1 22
22 7 2 after
22 7 3 7
22 1 0 geq
22 1 1 60
22 1 2 at
22 1 3 8
22 1 0 geq
22 1 1 45
22 1 2 before
22 1 3 5
22 7 0 gt
22 7 1 23
22 7 2 after
22 7 3 8
22 7 0 geq
22 7 1 17
22 7 2 within
22 7 3 7
22 7 4 11
22 1 0 geq
22 1 1 60
22 1 2 at
22 1 3 10
22 7 0 geq
22 7 1 18
22 7 2 within
22 7 3 7
22 7 4 3
22 1 0 geq
22 1 1 45
22 1 2 before
22 1 3 4
22 1 0 geq
22 1 1 45
22 1 2 after
22 1 3 8
22 7 0 geq
22 7 1 23
22 7 2 after
22 7 3 9
22 1 0 geq
22 1 1 60
22 1 2 within
22 1 3 10
22 1 4 7
22 7 0 gt
22 7 1 17
22 7 2 at
22 7 3 2
22 1 0 geq
22 1 1 60
22 1 2 within
22 1 3 6
22 1 4 10
22 7 0 gt
22 7 1 17
22 7 2 at
22 7 3 5
22 1 0 geq
22 1 1 45
22 1 2 after
22 1 3 6
22 7 0 geq
22 7 1 18
22 7 2 within
22 7 3 7
22 7 4 9
22 1 0 geq
22 1 1 60
22 1 2 before
22 1 3 10
22 7 0 gt
22 7 1 24
22 7 2 after
22 7 3 4
22 7 0 gt
22 7 1 24
22 7 2 at
22 7 3 7
22 1 0 geq
22 1 1 60
22 1 2 after
22 1 3 3
22 7 0 geq
22 7 1 23
22 7 2 after
22 7 3 4
22 1 0 geq
22 1 1 60
22 1 2 within
22 1 3 9
22 1 4 10
22 7 0 gt
22 7 1 20
22 7 2 at
22 7 3 6
22 1 0 geq
22 1 1 60
22 1 2 after
22 1 3 5
22 1 0 geq
22 1 1 45
22 1 2 before
22 1 3 8
22 7 0 gt
22 7 1 23
22 7 2 within
22 7 3 6
22 7 4 7
22 1 0 geq
22 1 1 45
22 1 2 at
22 1 3 3
22 7 0 geq
22 7 1 18
22 7 2 at
22 7 3 11
22 7 0 geq
22 7 1 22
22 7 2 within
22 7 3 8
22 7 4 5
22 1 0 geq
22 1 1 45
22 1 2 at
22 1 3 5
22 1 0 geq
22 1 1 45
22 1 2 within
22 1 3 9
22 1 4 6
22 7 0 geq
22 7 1 18
22 7 2 within
22 7 3 5
22 7 4 6
22 7 0 geq
22 7 1 20
22 7 2 before
22 7 3 8
22 1 0 geq
22 1 1 45
22 1 2 within
22 1 3 8
22 1 4 9
22 1 0 geq
22 1 1 60
22 1 2 after
22 1 3 6
22 7 0 geq
22 7 1 17
22 7 2 after
22 7 3 1
22 8 0 gt
22 8 1 70
22 8 2 within
22 8 3 8
22 8 4 5
22 2 0 geq
22 2 1 60
22 2 2 within
22 2 3 6
22 2 4 4
22 2 0 geq
22 2 1 45
22 2 2 within
22 2 3 10
22 2 4 6
22 8 0 geq
22 8 1 79
22 8 2 before
22 8 3 9
22 8 0 geq
22 8 1 77
22 8 2 after
22 8 3 3
22 2 0 geq
22 2 1 45
22 2 2 within
22 2 3 8
22 2 4 7
22 8 0 geq
22 8 1 53
22 8 2 after
22 8 3 6
22 2 0 geq
22 2 1 60
22 2 2 at
22 2 3 10
22 2 0 geq
22 2 1 60
22 2 2 after
22 2 3 4
22 8 0 geq
22 8 1 50
22 8 2 after
22 8 3 7
22 2 0 geq
22 2 1 60
22 2 2 at
22 2 3 4
22 8 0 geq
22 8 1 62
22 8 2 before
22 8 3 4
22 2 0 geq
22 2 1 60
22 2 2 after
22 2 3 4
22 8 0 geq
22 8 1 76
22 8 2 after
22 8 3 4
22 8 0 geq
22 8 1 64
22 8 2 before
22 8 3 7
22 2 0 geq
22 2 1 45
22 2 2 at
22 2 3 6
22 2 0 geq
22 2 1 45
22 2 2 after
22 2 3 1
22 8 0 geq
22 8 1 74
22 8 2 after
22 8 3 6
22 2 0 geq
22 2 1 60
22 2 2 within
22 2 3 9
22 2 4 3
22 8 0 gt
22 8 1 63
22 8 2 within
22 8 3 10
22 8 4 7
22 2 0 geq
22 2 1 60
22 2 2 at
22 2 3 6
22 8 0 gt
22 8 1 51
22 8 2 before
22 8 3 11
22 2 0 geq
22 2 1 45
22 2 2 at
22 2 3 9
22 8 0 gt
22 8 1 72
22 8 2 before
22 8 3 9
22 8 0 geq
22 8 1 53
22 8 2 within
22 8 3 7
22 8 4 11
22 2 0 geq
22 2 1 60
22 2 2 at
22 2 3 4
22 2 0 geq
22 2 1 45
22 2 2 before
22 2 3 4
22 8 0 gt
22 8 1 58
22 8 2 at
22 8 3 9
22 2 0 geq
22 2 1 60
22 2 2 after
22 2 3 7
22 8 0 geq
22 8 1 66
22 8 2 after
22 8 3 2
22 2 0 geq
22 2 1 45
22 2 2 after
22 2 3 3
22 8 0 gt
22 8 1 55
22 8 2 at
22 8 3 8
22 2 0 geq
22 2 1 60
22 2 2 within
22 2 3 5
22 2 4 11
22 8 0 gt
22 8 1 75
22 8 2 at
22 8 3 10
22 2 0 geq
22 2 1 45
22 2 2 before
22 2 3 11
22 8 0 gt
22 8 1 58
22 8 2 before
22 8 3 10
22 2 0 geq
22 2 1 60
22 2 2 after
22 2 3 4
22 8 0 gt
22 8 1 60
22 8 2 within
22 8 3 9
22 8 4 10
22 8 0 geq
22 8 1 75
22 8 2 at
22 8 3 10
22 2 0 geq
22 2 1 45
22 2 2 at
22 2 3 9
22 2 0 geq
22 2 1 45
22 2 2 before
22 2 3 5
22 8 0 gt
22 8 1 64
22 8 2 at
22 8 3 10
1 3 0 geq
1 3 1 45
1 3 2 before
1 3 3 11
1 1 0 geq
1 1 1 60
1 1 2 at
1 1 3 10
1 4 0 eq
1 4 1 60
1 4 2 after
1 4 3 4
1 5 0 geq
1 5 1 24
1 5 2 at
1 5 3 10
1 2 0 geq
1 2 1 60
1 2 2 within
1 2 3 5
1 2 4 11
1 7 0 gt
1 7 1 17
1 7 2 at
1 7 3 6
2 5 0 gt
2 5 1 20
2 5 2 at
2 5 3 9
2 1 0 geq
2 1 1 60
2 1 2 within
2 1 3 4
2 1 4 8
2 6 0 geq
2 6 1 50
2 6 2 after
2 2 0 geq
2 2 1 45
2 2 2 before
2 2 3 5
2 7 0 gt
2 7 1 17
2 7 2 within
2 7 3 5
2 7 4 3
2 8 0 gt
2 8 1 55
2 8 2 at
2 8 3 6
3 2 0 geq
3 2 1 60
3 2 2 after
3 2 3 1
3 7 0 gt
3 7 1 17
3 7 2 before
3 7 3 11
3 1 0 geq
3 1 1 60
3 1 2 before
3 1 3 4
3 6 0 gt
3 6 1 60
3 6 2 at
3 3 0 geq
3 3 1 45
3 3 2 within
3 3 3 7
3 3 4 6
3 5 0 gt
3 5 1 20
3 5 2 before
3 5 3 8
4 2 0 geq
4 2 1 60
4 2 2 before
4 2 3 9
4 4 0 eq
4 4 1 75
4 4 2 after
4 4 3 3
4 6 0 gt
4 6 1 62
4 6 2 after
4 3 0 geq
4 3 1 45
4 3 2 before
4 3 3 5
4 5 0 geq
4 5 1 35
4 5 2 at
4 5 3 7
4 1 0 geq
4 1 1 60
4 1 2 after
4 1 3 7
5 6 0 gt
5 6 1 61
5 6 2 before
5 8 0 geq
5 8 1 54
5 8 2 at
5 8 3 9
5 7 0 gt
5 7 1 18
5 7 2 at
5 7 3 5
5 1 0 geq
5 1 1 60
5 1 2 within
5 1 3 3
5 1 4 6
5 4 0 eq
5 4 1 150
5 4 2 before
5 4 3 7
5 2 0 geq
5 2 1 60
5 2 2 at
5 2 3 7
6 3 0 geq
6 3 1 60
6 3 2 at
6 3 3 4
6 6 0 geq
6 6 1 54
6 6 2 before
6 8 0 geq
6 8 1 56
6 8 2 after
6 8 3 2
6 2 0 geq
6 2 1 60
6 2 2 after
6 2 3 2
6 7 0 geq
6 7 1 21
6 7 2 after
6 7 3 2
6 1 0 geq
6 1 1 45
6 1 2 before
6 1 3 3
7 4 0 eq
7 4 1 150
7 4 2 at
7 4 3 9
7 3 0 geq
7 3 1 60
7 3 2 at
7 3 3 8
7 6 0 gt
7 6 1 56
7 6 2 at
7 7 0 geq
7 7 1 18
7 7 2 within
7 7 3 8
7 7 4 9
7 2 0 geq
7 2 1 45
7 2 2 within
7 2 3 7
7 2 4 11
7 1 0 geq
7 1 1 60
7 1 2 at
7 1 3 6
8 4 0 eq
8 4 1 120
8 4 2 at
8 4 3 6
8 1 0 geq
8 1 1 45
8 1 2 at
8 1 3 11
8 5 0 gt
8 5 1 28
8 5 2 within
8 5 3 9
8 5 4 11
8 7 0 gt
8 7 1 20
8 7 2 at
8 7 3 9
8 2 0 geq
8 2 1 45
8 2 2 at
8 2 3 5
8 6 0 gt
8 6 1 50
8 6 2 before
9 4 0 eq
9 4 1 150
9 4 2 after
9 4 3 1
9 2 0 geq
9 2 1 45
9 2 2 within
9 2 3 8
9 2 4 9
9 7 0 geq
9 7 1 22
9 7 2 within
9 7 3 5
9 7 4 4
9 5 0 geq
9 5 1 22
9 5 2 within
9 5 3 4
9 5 4 10
9 1 0 geq
9 1 1 60
9 1 2 at
9 1 3 6
9 6 0 gt
9 6 1 61
9 6 2 after
10 8 0 geq
10 8 1 58
10 8 2 before
10 8 3 8
10 6 0 geq
10 6 1 54
10 6 2 before
10 7 0 gt
10 7 1 22
10 7 2 within
10 7 3 7
10 7 4 6
10 5 0 geq
10 5 1 40
10 5 2 before
10 5 3 11
10 2 0 geq
10 2 1 45
10 2 2 at
10 2 3 3
10 3 0 geq
10 3 1 45
10 3 2 at
10 3 3 11
11 7 0 gt
11 7 1 18
11 7 2 within
11 7 3 6
11 7 4 4
11 4 0 eq
11 4 1 120
11 4 2 at
11 4 3 8
11 6 0 geq
11 6 1 58
11 6 2 after
11 8 0 geq
11 8 1 70
11 8 2 at
11 8 3 8
11 2 0 geq
11 2 1 45
11 2 2 before
11 2 3 3
11 3 0 geq
11 3 1 45
11 3 2 at
11 3 3 8
12 5 0 geq
12 5 1 33
12 5 2 at
12 5 3 8
12 8 0 geq
12 8 1 55
12 8 2 within
12 8 3 7
12 8 4 9
12 3 0 geq
12 3 1 45
12 3 2 after
12 3 3 3
12 6 0 geq
12 6 1 64
12 6 2 before
12 2 0 geq
12 2 1 60
12 2 2 within
12 2 3 6
12 2 4 4
12 1 0 geq
12 1 1 60
12 1 2 within
12 1 3 9
12 1 4 10
13 4 0 eq
13 4 1 120
13 4 2 within
13 4 3 5
13 4 4 8
13 7 0 geq
13 7 1 23
13 7 2 at
13 7 3 3
13 6 0 geq
13 6 1 50
13 6 2 at
13 1 0 geq
13 1 1 45
13 1 2 at
13 1 3 11
13 2 0 geq
13 2 1 45
13 2 2 before
13 2 3 4
13 3 0 geq
13 3 1 45
13 3 2 after
13 3 3 2
14 1 0 geq
14 1 1 60
14 1 2 at
14 1 3 8
14 3 0 geq
14 3 1 45
14 3 2 after
14 3 3 4
14 8 0 geq
14 8 1 76
14 8 2 after
14 8 3 5
14 7 0 gt
14 7 1 21
14 7 2 at
14 7 3 4
14 5 0 gt
14 5 1 15
14 5 2 within
14 5 3 6
14 5 4 10
14 6 0 gt
14 6 1 56
14 6 2 at
15 8 0 geq
15 8 1 75
15 8 2 before
15 8 3 11
15 4 0 eq
15 4 1 150
15 4 2 at
15 4 3 9
15 7 0 gt
15 7 1 22
15 7 2 before
15 7 3 5
15 1 0 geq
15 1 1 45
15 1 2 after
15 1 3 1
15 5 0 geq
15 5 1 28
15 5 2 at
15 5 3 10
15 3 0 geq
15 3 1 60
15 3 2 before
15 3 3 4
16 5 0 geq
16 5 1 35
16 5 2 at
16 5 3 5
16 1 0 geq
16 1 1 60
16 1 2 within
16 1 3 11
16 1 4 6
16 6 0 geq
16 6 1 64
16 6 2 after
16 3 0 geq
16 3 1 60
16 3 2 before
16 3 3 4
16 7 0 geq
16 7 1 20
16 7 2 at
16 7 3 6
16 8 0 geq
16 8 1 76
16 8 2 at
16 8 3 11
17 6 0 geq
17 6 1 60
17 6 2 after
17 1 0 geq
17 1 1 45
17 1 2 after
17 1 3 1
17 7 0 geq
17 7 1 18
17 7 2 within
17 7 3 7
17 7 4 9
17 2 0 geq
17 2 1 45
17 2 2 after
17 2 3 5
17 5 0 gt
17 5 1 28
17 5 2 before
17 5 3 7
17 4 0 eq
17 4 1 60
17 4 2 after
17 4 3 5
18 5 0 geq
18 5 1 22
18 5 2 within
18 5 3 8
18 5 4 2
18 3 0 geq
18 3 1 45
18 3 2 within
18 3 3 10
18 3 4 9
18 8 0 gt
18 8 1 50
18 8 2 after
18 8 3 3
18 1 0 geq
18 1 1 45
18 1 2 at
18 1 3 11
18 2 0 geq
18 2 1 45
18 2 2 at
18 2 3 6
18 7 0 geq
18 7 1 19
18 7 2 after
18 7 3 5
19 2 0 geq
19 2 1 60
19 2 2 before
19 2 3 3
19 7 0 geq
19 7 1 23
19 7 2 within
19 7 3 6
19 7 4 4
19 1 0 geq
19 1 1 45
19 1 2 after
19 1 3 8
19 3 0 geq
19 3 1 45
19 3 2 before
19 3 3 7
19 4 0 eq
19 4 1 150
19 4 2 within
19 4 3 10
19 4 4 7
19 8 0 geq
19 8 1 77
19 8 2 after
19 8 3 1
20 8 0 gt
20 8 1 69
20 8 2 before
20 8 3 9
20 3 0 geq
20 3 1 45
20 3 2 at
20 3 3 8
20 5 0 gt
20 5 1 23
20 5 2 within
20 5 3 3
20 5 4 7
20 4 0 eq
20 4 1 60
20 4 2 before
20 4 3 7
20 2 0 geq
20 2 1 60
20 2 2 after
20 2 3 6
20 6 0 geq
20 6 1 56
20 6 2 at
21 5 0 geq
21 5 1 28
21 5 2 within
21 5 3 7
21 5 4 11
21 6 0 gt
21 6 1 61
21 6 2 before
21 4 0 eq
21 4 1 60
21 4 2 at
21 4 3 11
21 7 0 geq
21 7 1 23
21 7 2 at
21 7 3 10
21 2 0 geq
21 2 1 45
21 2 2 at
21 2 3 7
21 8 0 gt
21 8 1 72
21 8 2 before
21 8 3 10
22 5 0 geq
22 5 1 22
22 5 2 after
22 5 3 9
22 6 0 geq
22 6 1 52
22 6 2 before
22 3 0 geq
22 3 1 60
22 3 2 after
22 3 3 6
22 4 0 eq
22 4 1 120
22 4 2 before
22 4 3 10
22 3 0 geq
22 3 1 45
22 3 2 at
22 3 3 5
22 6 0 geq
22 6 1 65
22 6 2 at
22 5 0 gt
22 5 1 22
22 5 2 before
22 5 3 3
22 4 0 eq
22 4 1 120
22 4 2 at
22 4 3 6
22 6 0 gt
22 6 1 56
22 6 2 before
22 5 0 geq
22 5 1 21
22 5 2 at
22 5 3 2
22 3 0 geq
22 3 1 60
22 3 2 at
22 3 3 9
22 4 0 eq
22 4 1 60
22 4 2 after
22 4 3 4
22 6 0 geq
22 6 1 54
22 6 2 before
22 4 0 eq
22 4 1 120
22 4 2 within
22 4 3 4
22 4 4 6
22 3 0 geq
22 3 1 45
22 3 2 within
22 3 3 6
22 3 4 8
22 5 0 geq
22 5 1 39
22 5 2 before
22 5 3 7
22 5 0 geq
22 5 1 19
22 5 2 within
22 5 3 11
22 5 4 10
22 3 0 geq
22 3 1 45
22 3 2 before
22 3 3 4
22 4 0 eq
22 4 1 75
22 4 2 before
22 4 3 7
22 6 0 gt
22 6 1 55
22 6 2 at
22 3 0 geq
22 3 1 60
22 3 2 within
22 3 3 6
22 3 4 10
22 5 0 gt
22 5 1 22
22 5 2 at
22 5 3 4
22 6 0 gt
22 6 1 53
22 6 2 before
22 4 0 eq
22 4 1 75
22 4 2 at
22 4 3 4
22 6 0 gt
22 6 1 54
22 6 2 at
22 4 0 eq
22 4 1 120
22 4 2 within
22 4 3 8
22 4 4 5
22 5 0 geq
22 5 1 22
22 5 2 before
22 5 3 5
22 3 0 geq
22 3 1 45
22 3 2 at
22 3 3 5
22 6 0 gt
22 6 1 52
22 6 2 at
22 4 0 eq
22 4 1 150
22 4 2 at
22 4 3 4
22 3 0 geq
22 3 1 45
22 3 2 after
22 3 3 1
22 5 0 geq
22 5 1 22
22 5 2 after
22 5 3 6
22 6 0 geq
22 6 1 52
22 6 2 after
22 3 0 geq
22 3 1 60
22 3 2 within
22 3 3 9
22 3 4 11
22 5 0 geq
22 5 1 15
22 5 2 before
22 5 3 11
22 4 0 eq
22 4 1 150
22 4 2 after
22 4 3 7
22 5 0 gt
22 5 1 31
22 5 2 after
22 5 3 2
22 3 0 geq
22 3 1 60
22 3 2 before
22 3 3 3
22 4 0 eq
22 4 1 60
22 4 2 after
22 4 3 4
22 6 0 geq
22 6 1 62
22 6 2 at
22 6 0 gt
22 6 1 63
22 6 2 at
22 4 0 eq
22 4 1 120
22 4 2 within
22 4 3 10
22 4 4 9
22 5 0 gt
22 5 1 38
22 5 2 before
22 5 3 5
22 3 0 geq
22 3 1 60
22 3 2 before
22 3 3 11
22 5 0 geq
22 5 1 19
22 5 2 after
22 5 3 10
22 3 0 geq
22 3 1 45
22 3 2 at
22 3 3 6
22 4 0 eq
22 4 1 150
22 4 2 at
22 4 3 8
22 6 0 geq
22 6 1 65
22 6 2 after
22 3 0 geq
22 3 1 45
22 3 2 after
22 3 3 8
22 6 0 geq
22 6 1 63
22 6 2 before
22 4 0 eq
22 4 1 120
22 4 2 at
22 4 3 10
22 5 0 gt
22 5 1 24
22 5 2 before
22 5 3 6
22 3 0 geq
22 3 1 60
22 3 2 after
22 3 3 2
22 5 0 geq
22 5 1 36
22 5 2 within
22 5 3 11
22 5 4 5
22 6 0 geq
22 6 1 59
22 6 2 after
22 4 0 eq
22 4 1 150
22 4 2 at
22 4 3 8
22 6 0 geq
22 6 1 50
22 6 2 before
22 3 0 geq
22 3 1 60
22 3 2 at
22 3 3 7
22 4 0 eq
22 4 1 75
22 4 2 at
22 4 3 9
22 5 0 gt
22 5 1 32
22 5 2 before
22 5 3 8
22 3 0 geq
22 3 1 60
22 3 2 at
22 3 3 11
22 6 0 gt
22 6 1 60
22 6 2 at
22 5 0 gt
22 5 1 30
22 5 2 at
22 5 3 11
22 4 0 eq
22 4 1 120
22 4 2 within
22 4 3 4
22 4 4 8
22 4 0 eq
22 4 1 120
22 4 2 at
22 4 3 10
22 6 0 gt
22 6 1 60
22 6 2 after
22 5 0 gt
22 5 1 38
22 5 2 after
22 5 3 1
22 3 0 geq
22 3 1 45
22 3 2 within
22 3 3 8
22 3 4 3
22 3 0 geq
22 3 1 45
22 3 2 after
22 3 3 8
22 5 0 gt
22 5 1 32
22 5 2 after
22 5 3 6
22 6 0 gt
22 6 1 53
22 6 2 at
22 4 0 eq
22 4 1 75
22 4 2 after
22 4 3 3
22 5 0 gt
22 5 1 40
22 5 2 at
22 5 3 7
22 6 0 gt
22 6 1 57
22 6 2 before
22 3 0 geq
22 3 1 60
22 3 2 at
22 3 3 7
22 4 0 eq
22 4 1 120
22 4 2 before
22 4 3 4
22 3 0 geq
22 3 1 60
22 3 2 before
22 3 3 5
22 6 0 gt
22 6 1 58
22 6 2 before
22 5 0 gt
22 5 1 33
22 5 2 before
22 5 3 7
22 4 0 eq
22 4 1 75
22 4 2 within
22 4 3 11
22 4 4 9
22 5 0 geq
22 5 1 28
22 5 2 at
22 5 3 5
22 6 0 geq
22 6 1 54
22 6 2 at
22 3 0 geq
22 3 1 60
22 3 2 within
22 3 3 6
22 3 4 4
22 4 0 eq
22 4 1 60
22 4 2 within
22 4 3 7
22 4 4 4
22 7 0 gt
22 7 1 18
22 7 2 at
22 7 3 9
22 1 0 geq
22 1 1 45
22 1 2 before
22 1 3 9
22 1 0 geq
22 1 1 60
22 1 2 at
22 1 3 5
22 7 0 gt
22 7 1 18
22 7 2 at
22 7 3 8
22 7 0 geq
22 7 1 22
22 7 2 before
22 7 3 6
22 1 0 geq
22 1 1 60
22 1 2 at
22 1 3 6
22 1 0 geq
22 1 1 60
22 1 2 at
22 1 3 3
22 7 0 gt
22 7 1 24
22 7 2 at
22 7 3 5
22 1 0 geq
22 1 1 45
22 1 2 at
22 1 3 7
22 7 0 geq
22 7 1 19
22 7 2 after
22 7 3 1
22 7 0 gt
22 7 1 24
22 7 2 within
22 7 3 6
22 7 4 11
22 1 0 geq
22 1 1 45
22 1 2 before
22 1 3 6
22 7 0 geq
22 7 1 21
22 7 2 before
22 7 3 8
22 1 0 geq
22 1 1 60
22 1 2 after
22 1 3 6
22 7 0 gt
22 7 1 23
22 7 2 at
22 7 3 7
22 1 0 geq
22 1 1 45
22 1 2 at
22 1 3 10
22 7 0 gt
22 7 1 23
22 7 2 before
22 7 3 8
22 1 0 geq
22 1 1 45
22 1 2 after
22 1 3 4
22 1 0 geq
22 1 1 45
22 1 2 before
22 1 3 4
22 7 0 geq
22 7 1 17
22 7 2 after
22 7 3 4
22 7 0 geq
22 7 1 19
22 7 2 after
22 7 3 3
22 1 0 geq
22 1 1 60
22 1 2 at
22 1 3 4
22 7 0 gt
22 7 1 23
22 7 2 before
22 7 3 6
22 1 0 geq
22 1 1 60
22 1 2 within
22 1 3 4
22 1 4 3
22 1 0 geq
22 1 1 60
22 1 2 at
22 1 3 4
22 7 0 gt
22 7 1 24
22 7 2 within
22 7 3 5
22 7 4 7
22 7 0 gt
22 7 1 23
22 7 2 at
22 7 3 6
22 1 0 geq
22 1 1 45
22 1 2 at
22 1 3 8
22 7 0 geq
22 7 1 20
22 7 2 before
22 7 3 6
22 1 0 geq
22 1 1 60
22 1 2 after
22 1 3 8
22 7 0 geq
22 7 1 17
22 7 2 within
22 7 3 9
22 7 4 10
22 1 0 geq
22 1 1 45
22 1 2 within
22 1 3 4
22 1 4 10
22 1 0 geq
22 1 1 45
22 1 2 before
22 1 3 3
22 7 0 gt
22 7 1 22
22 7 2 at
22 7 3 5
22 1 0 geq
22 1 1 45
22 1 2 within
22 1 3 3
22 1 4 4
22 7 0 geq
22 7 1 20
22 7 2 at
22 7 3 6
22 7 0 geq
22 7 1 19
22 7 2 after
22 7 3 2
22 1 0 geq
22 1 1 60
22 1 2 within
22 1 3 4
22 1 4 6
22 7 0 geq
22 7 1 20
22 7 2 within
22 7 3 5
22 7 4 6
22 1 0 geq
22 1 1 45
22 1 2 within
22 1 3 9
22 1 4 8
22 7 0 geq
22 7 1 20
22 7 2 within
22 7 3 11
22 7 4 5
22 1 0 geq
22 1 1 60
22 1 2 after
22 1 3 1
22 2 0 geq
22 2 1 60
22 2 2 before
22 2 3 4
22 8 0 geq
22 8 1 56
22 8 2 before
22 8 3 7
22 8 0 geq
22 8 1 51
22 8 2 after
22 8 3 8
22 2 0 geq
22 2 1 45
22 2 2 before
22 2 3 4
22 2 0 geq
22 2 1 45
22 2 2 before
22 2 3 11
22 8 0 gt
22 8 1 69
22 8 2 before
22 8 3 10
22 8 0 geq
22 8 1 65
22 8 2 within
22 8 3 7
22 8 4 9
22 2 0 geq
22 2 1 45
22 2 2 within
22 2 3 10
22 2 4 6
22 2 0 geq
22 2 1 45
22 2 2 after
22 2 3 3
22 8 0 geq
22 8 1 66
22 8 2 within
22 8 3 4
22 8 4 5
22 8 0 gt
22 8 1 66
22 8 2 at
22 8 3 5
22 2 0 geq
22 2 1 60
22 2 2 before
22 2 3 3
22 2 0 geq
22 2 1 45
22 2 2 after
22 2 3 5
22 8 0 geq
22 8 1 67
22 8 2 before
22 8 3 7
22 8 0 geq
22 8 1 76
22 8 2 within
22 8 3 6
22 8 4 11
22 2 0 geq
22 2 1 45
22 2 2 at
22 2 3 11
22 8 0 gt
22 8 1 60
22 8 2 after
22 8 3 6
22 2 0 geq
22 2 1 45
22 2 2 within
22 2 3 9
22 2 4 5
22 8 0 gt
22 8 1 68
22 8 2 within
22 8 3 10
22 8 4 6
22 2 0 geq
22 2 1 45
22 2 2 within
22 2 3 4
22 2 4 11
22 8 0 gt
22 8 1 66
22 8 2 after
22 8 3 5
22 2 0 geq
22 2 1 45
22 2 2 after
22 2 3 2
22 8 0 gt
22 8 1 80
22 8 2 after
22 8 3 4
22 2 0 geq
22 2 1 45
22 2 2 at
22 2 3 9
22 2 0 geq
22 2 1 45
22 2 2 at
22 2 3 3
22 8 0 geq
22 8 1 72
22 8 2 at
22 8 3 11
22 8 0 geq
22 8 1 53
22 8 2 before
22 8 3 6
22 2 0 geq
22 2 1 60
22 2 2 within
22 2 3 3
22 2 4 8
22 8 0 gt
22 8 1 67
22 8 2 at
22 8 3 10
22 2 0 geq
22 2 1 60
22 2 2 before
22 2 3 5
22 2 0 geq
22 2 1 60
22 2 2 at
22 2 3 8
22 8 0 gt
22 8 1 78
22 8 2 within
22 8 3 11
22 8 4 10
22 2 0 geq
22 2 1 45
22 2 2 within
22 2 3 4
22 2 4 8
22 8 0 geq
22 8 1 60
22 8 2 at
22 8 3 10
22 2 0 geq
22 2 1 60
22 2 2 at
22 2 3 7
22 8 0 geq
22 8 1 79
22 8 2 before
22 8 3 11
22 2 0 geq
22 2 1 60
22 2 2 before
22 2 3 4
22 8 0 geq
22 8 1 65
22 8 2 at
22 8 3 10
22 2 0 geq
22 2 1 60
22 2 2 within
22 2 3 3
22 2 4 9
22 8 0 geq
22 8 1 60
22 8 2 at
22 8 3 8
22 2 0 geq
22 2 1 60
22 2 2 at
22 2 3 8
22 8 0 gt
22 8 1 65
22 8 2 within
22 8 3 9
22 8 4 11
